//ID,NAME,JNAME,TYPE,PRICE,SELL,WEIGHT,ATK,MATK,DEF,MDEF,RANGE,SLOT,JOB,GENDER,LOC,WLV,ELV,VIEW,ELEMENT,EFFECT
1101,Sword,Sword,4,100,0,500,25,0,0,0,1,3,6371,2,2,1,2,2,0,0
1102,Sword_,Sword,4,100,0,500,25,0,0,0,1,4,6371,2,2,1,2,2,0,0
1103,Sword__,Sword,4,100,0,500,25,0,0,0,1,0,6371,2,2,1,2,2,0,0
1104,Falchion,Falchion,4,1500,0,600,39,0,0,0,1,3,6371,2,2,1,2,2,0,0
1105,Falchion_,Falchion,4,1500,0,600,39,0,0,0,1,4,6371,2,2,1,2,2,0,0
1106,Falchion__,Falchion,4,1500,0,600,39,0,0,0,1,0,6371,2,2,1,2,2,0,0
1107,Blade,Blade,4,2900,0,700,53,0,0,0,1,3,6371,2,2,1,2,2,0,0
1108,Blade_,Blade,4,2900,0,700,53,0,0,0,1,4,6371,2,2,1,2,2,0,0
1109,Blade__,Blade,4,2900,0,700,53,0,0,0,1,0,6371,2,2,1,2,2,0,0
1110,Lapier,Lapier,4,10000,0,500,70,0,0,0,1,2,6371,2,2,2,14,2,0,0
1111,Lapier_,Lapier,4,10000,0,500,70,0,0,0,1,3,6371,2,2,2,14,2,0,0
1112,Lapier__,Lapier,4,10000,0,500,70,0,0,0,1,0,6371,2,2,2,14,2,0,0
1113,Scimiter,Scimiter,4,17000,0,700,85,0,0,0,1,2,6371,2,2,2,14,2,0,0
1114,Scimiter_,Scimiter,4,17000,0,700,85,0,0,0,1,3,6371,2,2,2,14,2,0,0
1115,Scimiter__,Scimiter,4,17000,0,700,85,0,0,0,1,3,6371,2,2,2,14,2,0,0
1116,Katana,Katana,4,2000,0,1000,60,0,0,0,1,3,130,2,34,1,4,3,0,0
1117,Katana_,Katana,4,2000,0,1000,60,0,0,0,1,4,130,2,34,1,4,3,0,0
1118,Katana__,Katana,4,2000,0,1000,60,0,0,0,1,0,130,2,34,1,4,3,0,0
1119,Tsurugi,Tsurugi,4,51000,0,1200,130,0,0,0,1,1,6371,2,2,3,27,2,0,0
1120,Tsurugi_,Tsurugi,4,51000,0,1200,130,0,0,0,1,2,6371,2,2,3,27,2,0,0
1121,Tsurugi__,Tsurugi,4,51000,0,1200,130,0,0,0,1,0,6371,2,2,3,27,2,0,0
1122,Ring_pommel_Saber,"Ring Pommel Saber",4,24000,0,900,100,0,0,0,1,2,6371,2,2,2,14,2,0,0
1123,Haedonggum,Haedonggum,4,50000,0,900,120,0,0,0,1,1,6371,2,2,3,27,2,0,0
1124,Orcish_sword,"Orcish Sword",4,20,0,800,90,0,0,0,1,0,6371,2,2,4,40,2,0,0
1125,Ring_pommel_Saber_,"Ring Pommel Saber",4,24000,0,900,100,0,0,0,1,3,6371,2,2,2,14,2,0,0
1126,Saber,Saber,4,49000,0,1000,115,0,0,0,1,2,6371,2,2,3,27,2,0,0
1127,Saber_,Saber,4,49000,0,1000,115,0,0,0,1,3,6371,2,2,3,27,2,0,0
1128,Haedonggum_,Haedonggum,4,50000,0,900,120,0,0,0,1,2,6371,2,2,3,27,2,0,0
1129,Flamberge,Flamberge,4,60000,0,1500,150,0,0,0,1,0,6371,2,2,3,27,2,0,0
1130,Nagan,Nagan,4,20,0,500,120,0,0,0,1,0,6371,2,2,4,40,2,0,0
1131,Ice_Falchion,"Ice Falchion",4,20,0,600,100,0,0,0,1,0,6371,2,2,4,40,2,1,0
1132,Edge,Edge,4,20,0,700,115,0,0,0,1,0,6371,2,2,4,40,2,0,0
1133,Fire_Brand,"Fire Brand",4,20,0,500,100,0,0,0,1,0,6371,2,2,4,40,2,3,0
1134,Ceasar's_Sword,"Caesar's Sword",4,20,0,700,140,0,0,0,1,0,6371,2,2,4,40,2,0,0
1135,Cutlas,Cutlas,4,20,0,900,150,0,1,0,1,0,6371,2,2,4,40,2,0,0
1136,Solar_Sword,"Solar Sword",4,20,0,1200,85,0,0,0,1,0,6371,2,2,4,40,2,3,0
1137,Excalibur,Excalibur,4,20,0,1200,150,0,0,0,1,0,6371,2,2,4,40,2,6,0
1138,Mysteltain,Mysteltain,4,20,0,1000,170,0,0,0,1,0,6371,2,2,4,40,2,7,0
1139,Talefing,Talefing,4,20,0,1000,200,0,0,0,1,0,6371,2,2,4,40,2,7,0
1140,Byeollungum,Byeollungum,4,20,0,900,150,0,0,0,1,0,6371,2,2,4,40,2,0,0
1141,Immaterial_Sword,"Immaterial Sword",4,20,0,900,140,0,0,0,1,0,6371,2,2,4,40,2,8,0
1142,Crystal_Sword,"Crystal Sword",4,20,0,2200,104,0,0,0,1,0,6371,2,2,3,68,2,0,0
1143,Gaea_Sword,"Gaea Sword",4,20,0,2500,115,0,0,0,1,0,6371,2,2,3,74,2,0,0
1144,Strabismus,Strabismus,4,20,0,1400,75,0,0,0,1,0,6371,2,2,3,48,2,4,0
1145,Holy_Avenger,Holy_Avenger,4,450000,225000,135,125,0,0,0,0,0,16384,2,2,4,75,2,6,0
1151,Slayer,Slayer,4,15000,0,1300,90,0,0,0,1,2,130,2,34,2,18,3,0,0
1152,Slayer_,Slayer,4,15000,0,1300,90,0,0,0,1,3,130,2,34,2,18,3,0,0
1153,Slayer__,Slayer,4,15000,0,1300,90,0,0,0,1,0,130,2,34,2,18,3,0,0
1154,Bastard_Sword,"Bastard Sword",4,22500,0,1600,115,0,0,0,1,2,130,2,34,2,18,3,0,0
1155,Bastard_Sword_,"Bastard Sword",4,22500,0,1600,115,0,0,0,1,3,130,2,34,2,18,3,0,0
1156,Bastard_Sword__,"Bastard Sword",4,22500,0,1600,115,0,0,0,1,0,130,2,34,2,18,3,0,0
1157,Two_hand_Sword,"Two Handed Sword",4,60000,0,2200,160,0,0,0,1,1,130,2,34,3,33,3,0,0
1158,Two_hand_Sword_,"Two Handed Sword",4,60000,0,2200,160,0,0,0,1,2,130,2,34,3,33,3,0,0
1159,Two_hand_Sword__,"Two Handed Sword",4,60000,0,2200,160,0,0,0,1,0,130,2,34,3,33,3,0,0
1160,Broad_Sword,"Broad Sword",4,65000,0,2000,140,0,5,0,1,1,130,2,34,3,33,3,0,0
1161,Balmung,Balmung,4,20,10,100,250,0,0,0,2,0,6371,2,2,4,1,1,0,0
1162,Broad_Sword_,"Broad Sword",4,65000,0,2000,140,0,5,0,1,2,130,2,34,3,33,3,0,0
1163,Claymore,Claymore,4,74000,0,2500,180,0,0,0,1,0,128,2,34,3,33,3,0,0
1164,Muramasa,Muramasa,4,20,0,1000,155,0,0,0,1,0,130,2,34,4,48,3,0,0
1165,Masamune,Masamune,4,20,0,1000,200,0,0,0,1,0,130,2,34,4,48,3,0,0
1166,Dragon_Slayer,"Dragon Slayer",4,20,0,1300,150,0,0,0,1,0,130,2,34,4,48,3,0,0
1167,Schweizersabel,Schweizersabel,4,20,0,1600,160,0,1,0,1,0,130,2,34,4,48,3,4,0
1168,Zweihander,Zweihander,4,20,0,2200,200,0,0,0,1,0,130,2,34,4,48,3,0,0
1169,Executioner,Executioner,4,20,0,2200,155,0,0,0,1,0,130,2,34,4,48,3,7,0
1170,Katzbalger,Katabalger,4,20,0,2000,175,0,10,0,1,0,130,2,34,4,48,3,0,0
1201,Knife,Knife,4,50,0,400,17,0,0,0,1,3,7151,2,2,1,1,1,0,0
1202,Knife_,Knife,4,50,0,400,17,0,0,0,1,4,7151,2,2,1,1,1,0,0
1203,Knife__,Knife,4,50,0,400,17,0,0,0,1,0,7151,2,2,1,1,1,0,0
1204,Cutter,Cutter,4,1250,0,500,30,0,0,0,1,3,7151,2,2,1,1,1,0,0
1205,Cutter_,Cutter,4,1250,0,500,30,0,0,0,1,4,7151,2,2,1,1,1,0,0
1206,Cutter__,Cutter,4,1250,0,500,30,0,0,0,1,0,7151,2,2,1,1,1,0,0
1207,Main_gauche,"Main Gauche",4,2400,0,600,43,0,0,0,1,3,7151,2,2,1,1,1,0,0
1208,Main_gauche_,"Main Gauche",4,2400,0,600,43,0,0,0,1,4,7151,2,2,1,1,1,0,0
1209,Main_gauche__,"Main Gauche",4,2400,0,600,43,0,0,0,1,0,7151,2,2,1,1,1,0,0
1210,Dirk,Dirk,4,8500,0,500,59,0,0,0,1,2,7151,2,2,2,12,1,0,0
1211,Dirk_,Dirk,4,8500,0,500,59,0,0,0,1,3,7151,2,2,2,12,1,0,0
1212,Dirk__,Dirk,4,8500,0,500,59,0,0,0,1,0,7151,2,2,2,12,1,0,0
1213,Dagger,Dagger,4,14000,0,600,73,0,0,0,1,2,7151,2,2,2,12,1,0,0
1214,Dagger_,Dagger,4,14000,0,600,73,0,0,0,1,3,7151,2,2,2,12,1,0,0
1215,Dagger__,Dagger,4,14000,0,600,73,0,0,0,1,0,7151,2,2,2,12,1,0,0
1216,Stiletto,Stiletto,4,19500,0,700,87,0,0,0,1,2,7151,2,2,2,12,1,0,0
1217,Stiletto_,Stiletto,4,19500,0,700,87,0,0,0,1,3,7151,2,2,2,12,1,0,0
1218,Stiletto__,Stiletto,4,19500,0,700,87,0,0,0,1,0,7151,2,2,2,12,1,0,0
1219,Gladius,Gladious,4,43000,0,700,105,0,0,0,1,2,7151,2,2,3,24,1,0,0
1220,Gladius_,Gladious,4,43000,0,700,105,0,0,0,1,3,7151,2,2,3,24,1,0,0
1221,Gladius__,Gladious,4,43000,0,700,105,0,0,0,1,0,7151,2,2,3,24,1,0,0
1222,Damascus,Damascus,4,49000,0,800,118,0,0,0,1,1,7151,2,2,3,24,1,0,0
1223,Fortune_Sword,"Fortune Sword",4,20,0,500,90,0,0,0,1,0,7151,2,2,4,36,1,0,0
1224,Sword_Breaker,"Sword Breaker",4,20,0,1000,70,0,0,0,1,0,7151,2,2,4,36,1,0,0
1225,Mail_Breaker,"Mail Breaker",4,20,0,1000,70,0,0,0,1,0,7151,2,2,4,36,1,0,0
1226,Damascus_,Damascus,4,49000,0,800,118,0,0,0,1,2,7151,2,2,3,24,1,0,0
1227,Weeder_Knife,"Weeder Knife",4,20,0,400,80,0,0,0,1,0,7151,2,2,4,36,1,0,0
1228,Combat_Knife,"Combat Knife",4,20,0,400,80,0,0,0,1,0,7151,2,2,4,36,1,0,0
1229,Mama's_Knife,"Mama's Knife",4,20,0,500,75,0,0,0,1,0,7151,2,2,4,36,1,0,0
1230,House_Auger,"House Auger",4,20,0,600,80,0,0,0,1,0,7151,2,2,4,36,1,0,0
1231,Bazerald,Bazerald,4,20,0,500,70,1010,0,0,1,0,7151,2,2,4,36,1,3,0
1232,Assassin_Dagger,"Assassin Dagger",4,20,0,600,140,0,0,0,1,0,7151,2,2,4,36,1,7,0
1233,Exercise,Exercise,4,20,0,700,90,0,0,0,1,0,7151,2,2,4,36,1,0,0
1234,Moonlight_Sword,Walgwanggum,4,20,0,700,50,0,0,0,1,0,7151,2,2,4,36,1,0,0
1235,Azoth,Azoth,4,20,0,700,110,0,0,0,1,0,7151,2,2,4,36,1,0,0
1236,Sucsamad,Sucsamad,4,20,0,800,140,0,0,0,1,0,7151,2,2,4,36,1,0,0
1237,Grimtooth,Grimtooth,4,20,0,800,180,0,0,0,1,0,7151,2,2,4,36,1,0,0
1238,Zeny_Knife,"Zeny Knife",4,20,0,1200,64,0,0,0,1,0,7151,2,2,3,40,1,0,0
1239,Poison_Knife,"Poison Knife",4,20,0,800,64,0,0,0,1,0,7151,2,2,3,65,1,0,0
1240,Princess_Knife,"Princess Knife",4,2,0,400,84,0,0,0,1,0,7151,2,2,4,1,1,0,0
1241,Cursed_Knife,"Cursed Knife",4,20,10,400,55,0,0,0,1,0,4,2,2,4,85,1,0,0
1242,Counter_Knife,"Counter Knife",4,20,10,550,45,0,0,0,1,0,7150,2,2,4,55,1,0,0
1243,Main_Gauche_For_Novice,"Main Gauche For Novice",4,1,1,10,45,0,0,0,1,0,8388609,2,2,1,1,1,0,0
1244,Jewel_Dagger,"Jewel Dagger",4,1,1,10,45,0,0,0,1,0,8388609,2,2,1,1,1,0,0
1250,Jur,Jur,4,19500,0,800,125,0,0,0,1,2,4096,2,34,2,18,16,0,0
1251,Jur_,Jur,4,19500,0,800,125,0,0,0,1,3,4096,2,34,2,18,16,0,0
1252,Katar,Katar,4,41000,0,1200,148,0,0,0,1,1,4096,2,34,3,33,16,0,0
1253,Katar_,Katar,4,41000,0,1200,148,0,0,0,1,2,4096,2,34,3,33,16,0,0
1254,Jamadhar,Jamadhar,4,37200,0,1500,165,0,0,0,1,0,4096,2,34,3,33,16,0,0
1255,Jamadhar_,Jamadhar,4,37200,0,1500,165,0,0,0,1,1,4096,2,34,3,33,16,0,0
1256,Katar_of_Cold_Icicle,"Katar of Cold Icicle",4,45000,0,1200,105,0,0,0,1,0,4096,2,34,3,55,16,1,0
1257,Katar_of_Thornbush,"Katar of Dusty Thornbush",4,45000,0,1200,105,0,0,0,1,0,4096,2,34,3,55,16,2,0
1258,Katar_of_Raging_Blaze,"Katar of Raging Blaze",4,45000,0,1200,105,0,0,0,1,0,4096,2,34,3,55,16,3,0
1259,Katar_of_Piercing_Wind,"Katar of Piercing Wind",4,45000,0,1200,105,0,0,0,1,0,4096,2,34,3,55,16,4,0
1260,Ghoul_Leg,"Sharpened Legbone of Ghoul",4,52500,0,1700,150,0,0,0,1,0,4096,2,34,3,65,16,9,0
1261,Infiltrator,Infiltrator,4,57000,0,1500,140,0,3,0,1,0,4096,2,34,4,75,16,0,0
1301,Axe,Axe,4,500,0,1200,35,0,0,0,1,3,6371,2,2,1,3,6,0,0
1302,Axe_,Axe,4,500,0,1200,35,0,0,0,1,4,6371,2,2,1,3,6,0,0
1303,Axe__,Axe,4,500,0,1200,35,0,0,0,1,0,6371,2,2,1,3,6,0,0
1304,Orcish_Axe,"Orcish Axe",4,20,0,2000,60,0,0,0,1,0,6371,2,2,4,3,6,0,0
1305,Cleaver,Cleaver,4,20,0,120,140,0,0,0,1,0,6371,2,2,4,44,6,0,0
1306,War_Axe,"War Axe",4,20,10,4200,160,0,0,0,1,1,2211,2,2,3,76,6,0,0
1351,Battle_Axe,"Battle Axe",4,5400,0,1800,75,0,0,0,1,3,2210,2,34,1,3,7,0,0
1352,Battle_Axe_,"Battle Axe",4,5400,0,1800,75,0,0,0,1,4,2210,2,34,1,3,7,0,0
1353,Battle_Axe__,"Battle Axe",4,5400,0,1800,75,0,0,0,1,0,2210,2,34,1,3,7,0,0
1354,Hammer,Hammer,4,15500,0,2300,110,0,0,0,1,2,2210,2,34,2,16,7,0,0
1355,Hammer_,Hammer,4,15500,0,2300,110,0,0,0,1,3,2210,2,34,2,16,7,0,0
1356,Hammer__,Hammer,4,15500,0,2300,110,0,0,0,1,0,2210,2,34,2,16,7,0,0
1357,Buster,"Buster Axe",4,34000,0,2500,140,0,0,0,1,1,2210,2,34,3,30,7,0,0
1358,Buster_,"Buster Axe",4,34000,0,2500,140,0,0,0,1,2,2210,2,34,3,30,7,0,0
1359,Buster__,"Buster Axe",4,34000,0,2500,140,0,0,0,1,0,2210,2,34,3,30,7,0,0
1360,Two_handed_Axe,"Two Handed Axe",4,55000,0,3000,170,0,0,0,1,1,2210,2,34,3,30,7,0,0
1361,Two_handed_Axe_,"Two Handed Axe",4,55000,0,3000,170,0,0,0,1,2,2210,2,34,3,30,7,0,0
1362,Two_handed_Axe__,"Two Handed Axe",4,55000,0,3000,170,0,0,0,1,0,2210,2,34,3,30,7,0,0
1363,Brood_Axe,"Bloody Axe",4,20,0,4000,170,0,0,0,1,0,2210,2,34,4,44,7,0,0
1364,Great_Axe,"Great Axe",4,20,0,1800,187,0,0,0,1,0,2210,2,34,4,44,7,0,0
1365,Sabbath,Sabbath,4,20,0,2300,120,0,0,0,1,0,2210,2,34,4,44,7,7,0
1366,Light_Epsilon,"Light Epsilon",4,20,0,2300,180,0,0,0,1,0,2210,2,34,4,44,7,6,0
1367,Slaughter,Slaughter,4,20,0,2500,120,0,0,0,1,0,2210,2,34,4,44,7,2,0
1368,Tomahawk,Tomahawk,4,20,0,2500,165,0,0,0,1,0,2210,2,34,4,44,7,4,0
1369,Guillotine,Guillotine,4,20,0,3000,215,0,0,0,1,0,2210,2,34,4,44,7,0,0
1401,Javelin,Javelin,4,150,0,700,28,0,0,0,3,3,130,2,2,1,4,4,0,0
1402,Javelin_,Javelin,4,150,0,700,28,0,0,0,3,4,130,2,2,1,4,4,0,0
1403,Javelin__,Javelin,4,150,0,700,28,0,0,0,3,0,130,2,2,1,4,4,0,0
1404,Spear,Spear,4,1700,0,850,44,0,0,0,3,3,130,2,2,1,4,4,0,0
1405,Spear_,Spear,4,1700,0,850,44,0,0,0,3,4,130,2,2,1,4,4,0,0
1406,Spear__,Spear,4,1700,0,850,44,0,0,0,3,0,130,2,2,1,4,4,0,0
1407,Pike,Pike,4,3450,0,1000,60,0,0,0,3,3,130,2,2,1,4,4,0,0
1408,Pike_,Pike,4,3450,0,1000,60,0,0,0,3,4,130,2,2,1,4,4,0,0
1409,Pike__,Pike,4,3450,0,1000,60,0,0,0,3,0,130,2,2,1,4,4,0,0
1410,Lance,Lance,4,60000,0,2500,185,0,0,0,3,0,128,2,34,3,33,5,0,0
1411,Lance_,Lance,4,60000,0,2500,185,0,0,0,3,0,128,2,34,3,33,5,0,0
1412,Lance__,Lance,4,60000,0,2500,185,0,0,0,3,0,128,2,34,3,33,5,0,0
1413,Gungnir,Gungnir,4,20,0,500,120,0,0,0,3,0,130,2,2,4,4,4,0,0
1414,Gelerdria,Gelerdria,4,20,0,700,145,0,0,0,3,0,130,2,2,4,48,4,2,0
1415,Skewer,Skewer,4,20,0,850,100,0,0,0,3,0,130,2,2,4,48,4,0,0
1416,Tjungkuletti,Tjungkuletti,4,20,0,1000,95,0,0,0,3,0,130,2,2,4,48,4,0,0
1417,Pole_Axe,"Pole Axe",4,20,10,3800,160,0,0,0,3,1,130,2,2,3,71,4,0,0
1451,Guisarme,Guisarme,4,13000,0,1000,84,0,0,0,3,2,130,2,34,2,18,5,0,0
1452,Guisarme_,Guisarme,4,13000,0,1000,84,0,0,0,3,3,130,2,34,2,18,5,0,0
1453,Guisarme__,Guisarme,4,13000,0,1000,84,0,0,0,3,0,130,2,34,2,18,5,0,0
1454,Glaive,Glaive,4,20000,0,1200,104,0,0,0,3,2,130,2,34,2,18,5,0,0
1455,Glaive_,Glaive,4,20000,0,1200,104,0,0,0,3,3,130,2,34,2,18,5,0,0
1456,Glaive__,Glaive,4,20000,0,1200,104,0,0,0,3,0,130,2,34,2,18,5,0,0
1457,Partizan,Partizan,4,27000,0,2000,124,0,0,0,3,1,130,2,34,2,18,5,0,0
1458,Partizan_,Partizan,4,27000,0,2000,124,0,0,0,3,2,130,2,34,2,18,5,0,0
1459,Partizan__,Partizan,4,27000,0,2000,124,0,0,0,3,0,130,2,34,3,33,5,0,0
1460,Trident,Trident,4,51000,0,1200,150,0,0,0,3,2,130,2,34,3,33,5,0,0
1461,Trident_,Trident,4,51000,0,1200,150,0,0,0,3,3,130,2,34,3,33,5,0,0
1462,Trident__,Trident,4,51000,0,1200,150,0,0,0,3,0,130,2,34,3,33,5,0,0
1463,Halberd,Halberd,4,54000,0,2500,165,0,0,0,3,1,130,2,34,3,33,5,0,0
1464,Halberd_,Halberd,4,54000,0,2500,165,0,0,0,3,2,130,2,34,3,33,5,0,0
1465,Halberd__,Halberd,4,54000,0,2500,165,0,0,0,3,0,130,2,34,3,33,5,0,0
1466,Crescent_Scythe,"Crescent Scythe",4,20,0,2500,180,0,0,0,3,0,130,2,34,4,48,5,0,0
1467,Vilguisamre,Vilguisamre,4,20,0,1000,183,0,0,0,3,0,130,2,34,4,48,5,0,0
1468,Zephyrus,Zephyrus,4,20,0,1200,170,0,0,0,3,0,130,2,34,4,48,5,4,0
1469,Longinus's_Spear,"Longinus's Spear",4,20,0,2000,180,0,0,0,3,0,130,2,34,4,48,5,7,0
1470,Brionac,Brionac,4,20,0,1200,190,0,0,0,3,0,130,2,34,4,48,5,6,0
1471,Hellfire,Hellfire,4,20,0,2500,200,0,0,0,3,0,130,2,34,4,48,5,3,0
1472,Soul_Staff,"Soul Staff",4,0,0,1400,25,0,0,0,1,0,1301,2,34,3,73,10,0,0
1473,Wizardy_Staff,"Wizardry Staff",4,0,0,2400,120,0,0,0,1,0,1301,2,34,3,90,10,0,0
1501,Club,Club,4,120,0,700,23,0,0,0,1,3,3251,2,2,1,2,8,0,0
1502,Club_,Club,4,120,0,700,23,0,0,0,1,4,3251,2,2,1,2,8,0,0
1503,Club__,Club,4,120,0,700,23,0,0,0,1,0,3251,2,2,1,2,8,0,0
1504,Mace,Mace,4,1600,0,800,37,0,0,0,1,3,3251,2,2,1,2,8,0,0
1505,Mace_,Mace,4,1600,0,800,37,0,0,0,1,4,3251,2,2,1,2,8,0,0
1506,Mace__,Mace,4,1600,0,800,37,0,0,0,1,0,3251,2,2,1,2,8,0,0
1507,Smasher,Smasher,4,9000,0,1000,54,0,0,0,1,2,3251,2,2,2,14,8,0,0
1508,Smasher_,Smasher,4,9000,0,1000,54,0,0,0,1,3,3251,2,2,2,14,8,0,0
1509,Smasher__,Smasher,4,9000,0,1000,54,0,0,0,1,3,3251,2,2,2,14,8,0,0
1510,Flail,Flail,4,16000,0,900,69,0,0,0,1,2,3251,2,2,2,14,8,0,0
1511,Flail_,Flail,4,16000,0,900,69,0,0,0,1,3,3251,2,2,2,14,8,0,0
1512,Flail__,Flail,4,16000,0,900,69,0,0,0,1,3,3251,2,2,2,14,8,0,0
1513,Morning_Star,"Morning Star",4,41000,0,1500,110,0,0,0,1,1,3251,2,2,3,27,8,0,0
1514,Morning_Star_,"Morning Star",4,41000,0,1500,110,0,0,0,1,2,3251,2,2,3,27,8,0,0
1515,Morning_Star__,"Morning Star",4,41000,0,1500,110,0,0,0,1,2,3251,2,2,3,27,8,0,0
1516,Sword_Mace,"Sword Mace",4,50000,0,1200,130,0,0,0,1,0,3251,2,2,3,27,8,0,0
1517,Sword_Mace_,"Sword Mace",4,50000,0,1200,130,0,0,0,1,1,3251,2,2,3,27,8,0,0
1518,Sword_Mace__,"Sword Mace",4,50000,0,1200,130,0,0,0,1,1,3251,2,2,3,27,8,0,0
1519,Chain,Chain,4,23000,0,800,84,0,0,0,1,2,3251,2,2,2,14,8,0,0
1520,Chain_,Chain,4,23000,0,800,84,0,0,0,1,3,3251,2,2,2,14,8,0,0
1521,Chain__,Chain,4,23000,0,800,84,0,0,0,1,3,3251,2,2,2,14,8,0,0
1522,Stunner,Stunner,4,60000,0,2000,140,0,0,0,1,0,1024,2,2,3,27,8,0,0
1523,Spike,Spike,4,20,0,700,85,0,0,0,1,0,3251,2,2,4,40,8,0,0
1524,Golden_Mace,"Golden Mace",4,20,0,800,110,0,0,0,1,0,3251,2,2,4,40,8,0,0
1525,Long_Mace,"Long Mace",4,20,0,800,135,0,0,0,3,0,3251,2,2,4,40,8,0,0
1526,Slash,Slash,4,20,0,1000,145,0,0,0,1,0,3251,2,2,4,40,8,0,0
1527,Quadrille,Quadrille,4,20,0,900,165,0,0,0,1,0,3251,2,2,4,40,8,0,0
1528,Grand_Cross,"Grand Cross",4,20,0,1500,140,0,0,0,1,0,3251,2,2,4,40,8,6,0
1529,Slang_Driver,"Iron Driver",4,20,0,3000,155,0,0,0,1,0,312755,2,2,3,78,8,0,0
1530,Mjolnir,Mjolnir,4,20,0,6000,250,0,0,0,1,0,312755,2,2,4,95,8,4,0
1531,Spanner,Spanner,4,20,0,2500,115,0,0,0,1,0,230165,2,2,3,55,8,0,0
1550,Book,Book,4,30000,0,600,100,0,0,0,1,3,1024,2,2,2,14,15,0,0
1551,Bible,Bible,4,60000,0,1000,139,0,0,0,1,2,66560,2,2,3,27,15,0,0
1552,Tablet,Tablet,4,51000,0,800,151,0,0,0,1,1,66560,2,2,3,27,15,0,0
1553,Book_of_Billows,"Book of Billows",4,0,0,66560,90,0,0,0,1,0,1024,2,2,3,27,15,1,0
1554,Book_of_Mother_Earth,"Book of Mother Earth",4,0,0,750,90,0,0,0,1,0,66560,2,2,3,27,15,2,0
1555,Book_of_Blazing_Sun,"Book of Blazing Sun",4,0,0,750,90,0,0,0,1,0,66560,2,2,3,27,15,3,0
1556,Book_of_Gust_of_Wind,"Book of Gust of Wind",4,0,0,750,90,0,0,0,1,0,66560,2,2,3,27,15,4,0
1557,Book_of_the_Apocalypse,"Book of the Apocalypse",4,0,0,800,120,0,0,0,1,0,66560,2,2,4,40,15,7,0
1558,Girl's_Diary,"Girl's Diary",4,0,0,300,60,0,0,0,1,1,66560,2,2,4,40,15,0,0
1599,Angra_Manyu,"Angra Manyu",4,1,1,10,8000,1000,0,0,2,4,2088959,2,2,4,1,8,0,0
1601,Rod,Rod,4,50,0,400,15,0,0,0,1,3,1301,2,2,1,1,10,0,0
1602,Rod_,Rod,4,50,0,400,15,0,0,0,1,4,1301,2,2,1,1,10,0,0
1603,Rod__,Rod,4,50,0,400,15,0,0,0,1,0,1301,2,2,1,1,10,0,0
1604,Wand,Wand,4,2500,0,400,25,0,0,0,1,2,1301,2,2,2,12,10,0,0
1605,Wand_,Wand,4,2500,0,400,25,0,0,0,1,3,1301,2,2,2,12,10,0,0
1606,Wand__,Wand,4,2500,0,400,25,0,0,0,1,0,1301,2,2,2,12,10,0,0
1607,Staff,Staff,4,9500,0,400,40,0,0,0,1,2,1301,2,2,2,12,10,0,0
1608,Staff_,Staff,4,9500,0,400,40,0,0,0,1,3,1301,2,2,2,12,10,0,0
1609,Staff__,Staff,4,9500,0,400,40,0,0,0,1,0,1301,2,2,2,12,10,0,0
1610,Arc_Wand,"Arc Wand",4,45000,0,400,60,0,0,0,1,1,1301,2,2,3,24,10,0,0
1611,Arc_Wand_,"Arc Wand",4,45000,0,400,60,0,0,0,1,2,1301,2,2,3,24,10,0,0
1612,Arc_Wand__,"Arc Wand",4,45000,0,400,60,0,0,0,1,0,1301,2,2,3,24,10,0,0
1613,Mighty_Staff,"Mighty Staff",4,20,0,700,130,0,0,0,1,0,1300,2,2,3,24,10,0,0
1614,Wand_of_Occult,"Wand of Occult",4,20,0,700,75,0,0,0,1,0,1300,2,2,3,24,10,0,0
1615,Bone_Wand,"Bone Wand",4,20,0,700,40,0,0,0,1,0,1300,2,2,3,24,10,9,0
1701,Bow,Bow,4,1000,0,500,15,0,0,0,5,3,584,2,34,1,4,11,0,0
1702,Bow_,Bow,4,1000,0,500,15,0,0,0,5,4,584,2,34,1,4,11,0,0
1703,Bow__,Bow,4,1000,0,500,15,0,0,0,5,0,584,2,34,1,4,11,0,0
1704,Composite_Bow,"Composite Bow",4,2500,0,600,29,0,0,0,5,3,584,2,34,1,4,11,0,0
1705,Composite_Bow_,"Composite Bow",4,2500,0,600,29,0,0,0,5,4,584,2,34,1,4,11,0,0
1706,Composite_Bow__,"Composite Bow",4,2500,0,600,29,0,0,0,5,0,584,2,34,1,4,11,0,0
1707,Great_Bow,"Great Bow",4,10000,0,1000,50,0,0,0,5,2,584,2,34,2,18,11,0,0
1708,Great_Bow_,"Great Bow",4,10000,0,1000,50,0,0,0,5,3,584,2,34,2,18,11,0,0
1709,Great_Bow__,"Great Bow",4,10000,0,1000,50,0,0,0,5,0,584,2,34,2,18,11,0,0
1710,CrossBow,Crossbow,4,17000,0,900,65,0,0,0,5,2,584,2,34,2,18,11,0,0
1711,CrossBow_,Crossbow,4,17000,0,900,65,0,0,0,5,3,584,2,34,2,18,11,0,0
1712,CrossBow__,Crossbow,4,17000,0,900,65,0,0,0,5,0,584,2,34,2,18,11,0,0
1713,Arbalest,Arbalest,4,48000,0,1000,90,0,0,0,5,1,584,2,34,3,33,11,0,0
1714,Gakkung,Gakkung,4,42000,0,1100,100,0,0,0,5,1,584,2,34,3,33,11,0,0
1715,Arbalest_,Arbalest,4,48000,0,1000,90,0,0,0,5,2,584,2,34,3,33,11,0,0
1716,Gakkung_,Gakkung,4,42000,0,1100,100,0,0,0,5,2,584,2,34,3,33,11,0,0
1718,Hunter_Bow,"Hunter Bow",4,64000,0,1500,125,0,0,0,5,0,512,2,34,3,33,11,0,0
1719,Roguemaster's_Bow,"Roguemaster's Bow",4,20,0,500,75,0,0,0,11,0,64,2,34,4,48,11,0,0
1720,Rudra's_Bow,"Rudra's Bow",4,20,0,1000,150,0,0,0,5,0,584,2,34,4,48,11,6,0
1721,Repeating_Crossbow,"Repeating Crossbow",4,20,10,200,95,0,0,0,5,0,576,2,34,3,65,11,0,0
1722,Ballista,Ballista,4,20,10,300,145,0,0,0,5,0,1606144,2,34,4,77,11,0,0
1750,Arrow,Arrow,10,1,0,1,25,0,0,0,0,0,1573448,2,32768,0,1,0,0,0
1751,Silver_Arrow,"Silver Arrow",10,3,0,2,30,0,0,0,0,0,1573448,2,32768,0,1,0,6,0
1752,Fire_Arrow,"Fire Arrow",10,3,0,2,30,0,0,0,0,0,1573448,2,32768,0,1,0,3,0
1753,Steel_Arrow,"Steel Arrow",10,3,0,2,40,0,0,0,0,0,1573448,2,32768,0,1,0,0,0
1754,Crystal_Arrow,"Crystal Arrow",10,3,0,2,30,0,0,0,0,0,1573448,2,32768,0,1,0,1,0
1755,Arrow_of_Wind,"Arrow of Wind",10,3,0,2,30,0,0,0,0,0,1573448,2,32768,0,1,0,4,0
1756,Stone_Arrow,"Stone Arrow",10,3,0,2,30,0,0,0,0,0,1573448,2,32768,0,1,0,2,0
1757,Spiritual_Arrow,"Spiritual Arrow",10,3,0,1,30,0,0,0,0,0,1573448,2,32768,0,1,0,3,0
1758,Stun_Arrow,"Stunn Arrow",10,3,0,3,1,0,0,0,0,0,1573448,2,32768,0,1,0,0,0
1759,Freezing_Arrow,"Freezing Arrow",10,3,0,3,1,0,0,0,0,0,1573448,2,32768,0,1,0,1,0
1760,Flash_Arrow,"Flash Arrow",10,3,0,3,1,0,0,0,0,0,1573448,2,32768,0,1,0,0,0
1761,Curse_Arrow,"Curse Arrow",10,3,0,3,1,0,0,0,0,0,1573448,2,32768,0,1,0,0,0
1762,Rusty_Arrow,"Rusty Arrow",10,3,0,2,30,0,0,0,0,0,1573448,2,32768,0,1,0,5,0
1763,Poison_Arrow,"Poison Arrow",10,3,0,3,1,0,0,0,0,0,1573448,2,32768,0,1,0,5,0
1764,Sharp_Arrow,"Sharp Arrow",10,3,0,3,10,0,0,0,0,0,1573448,2,32768,0,1,0,0,0
1765,Oridecon_Arrow,"Oridecon Arrow",10,3,0,3,50,0,0,0,0,0,1573448,2,32768,0,1,0,0,0
1766,Arrow_of_Counter_Evil,"Arrow of Counter Evil",10,500,0,3,50,0,0,0,0,0,1573448,2,32768,0,1,0,6,0
1767,Arrow_of_Shadow,"Arrow of Shadow",10,3,0,2,30,0,0,0,0,0,1573448,2,32768,0,1,0,2,0
1768,Sleep_Arrow,"Sleep Arrow",10,3,0,3,1,0,0,0,0,0,1573448,2,32768,0,1,0,0,0
1769,Mute_Arrow,"Mute Arrow",10,3,0,3,1,0,0,0,0,0,1573448,2,32768,0,1,0,0,0
1770,Steel_Arrow,"Steel Arrow",10,3,0,1,30,0,0,0,0,0,1573448,2,32768,0,1,0,0,0
1801,Waghnakh,Waghnakh,4,8000,0,400,30,0,0,0,1,3,32768,2,2,1,1,12,0,0
1802,Waghnakh_,Waghnakh,4,8000,0,400,30,0,0,0,1,4,32768,2,2,1,1,12,0,0
1803,Knuckle_Duster,"Knuckle Duster",4,25000,0,450,50,0,0,0,1,2,32768,2,2,2,12,12,0,0
1804,Knuckle_Duster_,"Knuckle Duster",4,25000,0,450,50,0,0,0,1,3,32768,2,2,2,12,12,0,0
1805,Hora,Hora,4,32000,0,450,65,0,0,0,1,2,32768,2,2,2,12,12,0,0
1806,Hora_,Hora,4,32000,0,450,65,0,0,0,1,3,32768,2,2,2,12,12,0,0
1807,Fist,Fist,4,53000,0,650,115,0,0,0,1,0,32768,2,2,3,24,12,0,0
1808,Fist_,Fist,4,53000,0,650,115,0,0,0,1,1,32768,2,2,3,24,12,0,0
1809,Claw,Claw,4,53000,0,500,86,0,0,0,1,1,32768,2,2,3,24,12,0,0
1810,Claw_,Claw,4,53000,0,500,86,0,0,0,1,2,32768,2,2,3,24,12,0,0
1811,Finger,Finger,4,58000,0,500,97,0,0,0,1,1,32768,2,2,3,24,12,0,0
1812,Finger_,Finger,4,58000,0,500,97,0,0,0,1,2,32768,2,2,3,24,12,0,0
1813,Kaiser_Knuckle,"Kaiser Knuckle",4,20,0,450,110,0,0,0,1,0,32768,2,2,4,36,12,4,0
1814,Berserk,Berserk,4,20,0,500,120,0,0,0,1,0,32768,2,2,4,36,12,0,0
1901,Violin,Violin,4,4000,0,700,50,0,0,0,1,3,524288,2,2,1,2,13,0,0
1902,Violin_,Violin,4,4000,0,700,50,0,0,0,1,4,524288,2,2,1,2,13,0,0
1903,Mandolin,Mandolin,4,18000,0,400,90,0,0,0,1,2,524288,2,2,2,14,13,0,0
1904,Mandolin_,Mandolin,4,18000,0,400,90,0,0,0,1,3,524288,2,2,2,14,13,0,0
1905,Lute,Lute,4,24000,0,500,105,0,0,0,1,2,524288,2,2,2,14,13,0,0
1906,Lute_,Lute,4,24000,0,500,105,0,0,0,1,3,524288,2,2,2,14,13,0,0
1907,Guitar,Guitar,4,47000,0,900,142,0,0,0,1,0,524288,2,2,3,27,13,0,0
1908,Guitar_,Guitar,4,47000,0,900,142,0,0,0,1,1,524288,2,2,3,27,13,0,0
1909,Harp,Harp,4,62000,0,900,114,0,0,0,1,1,524288,2,2,3,27,13,0,0
1910,Harp_,Harp,4,62000,0,900,114,0,0,0,1,2,524288,2,2,3,27,13,0,0
1911,Guh_Moon_Goh,"Guh Moon Goh",4,54000,0,1300,126,0,0,0,1,1,524288,2,2,3,27,13,0,0
1912,Guh_Moon_Goh_,"Guh Moon Goh",4,54000,0,1300,126,0,0,0,1,2,524288,2,2,3,27,13,0,0
1913,Electric_Guitar,"Electric Guitar",4,77000,0,1800,110,0,0,0,1,1,524288,2,2,4,70,13,4,0
1950,Rope,Rope,4,2500,0,400,45,0,0,0,2,3,1048576,2,2,1,3,14,0,0
1951,Rope_,Rope,4,2500,0,400,45,0,0,0,2,4,1048576,2,2,1,3,14,0,0
1952,Line,Line,4,12000,0,300,80,0,0,0,2,2,1048576,2,2,2,16,14,0,0
1953,Line_,Line,4,12000,0,300,80,0,0,0,2,3,1048576,2,2,2,16,14,0,0
1954,Wire,Wire,4,17500,0,1000,95,0,0,0,2,2,1048576,2,2,2,16,14,0,0
1955,Wire_,Wire,4,17500,0,1000,95,0,0,0,2,3,1048576,2,2,2,16,14,0,0
1956,Rante,Rante,4,32000,0,900,135,0,0,0,2,0,1048576,2,2,3,30,14,0,0
1957,Rante_,Rante,4,32000,0,900,135,0,0,0,2,1,1048576,2,2,3,30,14,0,0
1958,Tail,Tail,4,41000,0,700,105,0,0,0,2,1,1048576,2,2,3,30,14,0,0
1959,Tail_,Tail,4,41000,0,700,105,0,0,0,2,2,1048576,2,2,3,30,14,0,0
1960,Whip,Whip,4,38000,0,700,120,0,0,0,2,1,1048576,2,2,3,30,14,0,0
1961,Whip_,Whip,4,38000,0,700,120,0,0,0,2,2,1048576,2,2,3,30,14,0,0
1962,Lariat,Lariat,4,20,0,400,100,0,0,0,2,0,1048576,2,2,4,44,14,0,0
1963,Rapture_Rose,"Rapture Rose",4,20,0,300,115,0,0,0,2,0,1048576,2,2,4,44,14,5,0
1964,Chemeti,Chemeti,4,20,0,700,135,0,0,0,2,0,1048576,2,2,4,44,14,0,0
2101,Guard,Guard,5,500,0,300,0,0,2,0,0,0,8191,2,32,0,0,1,0,0
2102,Guard_,Guard,5,500,0,300,0,0,2,0,0,1,8191,2,32,0,0,1,0,0
2103,Buckler,Buckler,5,14000,0,600,0,0,4,0,0,0,7410,2,32,0,0,2,0,0
2104,Buckler_,Buckler,5,14000,0,600,0,0,4,0,0,1,7410,2,32,0,0,2,0,0
2105,Shield,Shield,5,56000,0,1300,0,0,6,0,0,0,130,2,32,0,0,3,0,0
2106,Shield_,Shield,5,56000,0,1300,0,0,6,0,0,1,130,2,32,0,0,3,0,0
2107,Mirror_Shield,"Mirror Shield",5,60000,0,1000,0,0,4,5,0,0,130,2,32,0,0,4,0,0
2108,Mirror_Shield_,"Mirror Shield",5,60000,0,1000,0,0,4,5,0,1,130,2,32,0,0,4,0,0
2109,Memory_Book,"Memory Book",5,20,10,100,0,0,3,2,0,0,2088959,2,32,0,1,15,0,0
2110,Holyguard,Holyguard,5,10,10,150,0,0,5,2,0,0,16384,2,32,0,68,4,0,0
2111,Evangelist,Evangelist,5,10,10,140,0,0,5,3,0,0,16384,2,32,0,83,4,0,0
2112,Guard_For_Novice,"Guard for Novice",5,1,1,10,0,0,3,0,0,0,8388609,2,32,0,10,0,0,0
2199,Ahura_Mazdah,"Ahura Mazdah",5,1,1,10,0,0,1200,0,0,0,2088959,2,32,4,1,0,0,0
2201,Sunglasses,Sunglasses,5,5000,0,100,0,0,0,0,0,0,8191,2,512,0,0,12,0,0
2202,Sunglasses_,Sunglasses,5,5000,0,100,0,0,0,0,0,1,8191,2,512,0,0,12,0,0
2203,Glasses,Glasses,5,4000,0,100,0,0,0,0,0,0,8191,2,512,0,0,3,0,0
2204,Glasses_,Glasses,5,4000,0,100,0,0,0,0,0,1,8191,2,512,0,0,3,0,0
2205,Diver's_Goggles,"Diver's Goggles",5,3500,0,100,0,0,0,0,0,0,8191,2,512,0,0,10,0,0
2206,Wedding_Veil,"Wedding Veil",5,23000,0,100,0,0,0,5,0,0,8191,0,256,0,0,44,0,0
2207,Fancy_Flower,"Fancy Flower",5,20,0,100,0,0,0,0,0,0,8191,2,256,0,0,0,0,0
2208,Ribbon,Ribbon,5,800,0,100,0,0,1,3,0,0,8191,0,256,0,0,17,0,0
2209,Ribbon_,Ribbon,5,800,0,100,0,0,1,3,0,1,8191,0,256,0,0,17,0,0
2210,Hair_Band,"Hair Band",5,500,0,100,0,0,1,0,0,0,8191,2,256,0,0,9,0,0
2211,Bandana,Bandana,5,400,0,100,0,0,1,0,0,0,8191,2,256,0,0,6,0,0
2212,Eye_Patch,"Eye Patch",5,1000,0,100,0,0,0,0,0,0,8191,2,512,0,0,13,0,0
2213,Cat_Hairband,"Cat Hairband",5,20,0,100,0,0,2,0,0,0,8191,2,256,0,0,2,0,0
2214,Bunny_Band,"Bunny Band",5,20,0,100,0,0,2,0,0,0,8191,2,256,0,0,15,0,0
2215,Flower_Hairband,"Flower Hairband",5,20,0,100,0,0,2,0,0,0,8191,2,256,0,0,5,0,0
2216,Biretta,Biretta,5,9000,0,100,0,0,4,0,0,0,1040,2,256,0,0,11,0,0
2217,Biretta_,Biretta,5,9000,0,100,0,0,4,0,0,1,1040,2,256,0,0,11,0,0
2218,Flu_Mask,"Flu Mask",5,300,0,100,0,0,0,0,0,0,8191,2,1,0,0,8,0,0
2219,Flu_Mask_,"Flue Mask",5,300,0,100,0,0,0,0,0,0,8191,2,1,0,0,8,0,0
2220,Hat,Hat,5,1000,0,200,0,0,2,0,0,0,8191,2,256,0,0,16,0,0
2221,Hat_,Hat,5,1000,0,200,0,0,2,0,0,1,8191,2,256,0,0,16,0,0
2222,Turban,Turban,5,4500,0,300,0,0,3,0,0,0,8191,2,256,0,0,7,0,0
2223,Turban_,Turban,5,4500,0,300,0,0,3,0,0,1,8191,2,256,0,0,7,0,0
2224,Goggle,Goggles,5,10000,0,300,0,0,5,0,0,0,6370,2,768,0,0,1,0,0
2225,Goggle_,Goggles,5,10000,0,300,0,0,5,0,0,1,6370,2,768,0,0,1,0,0
2226,Cap,Cap,5,12000,0,400,0,0,4,0,0,0,6890,2,256,0,0,14,0,0
2227,Cap_,Cap,5,12000,0,400,0,0,4,0,0,1,6890,2,256,0,0,14,0,0
2228,Helm,Helm,5,44000,0,600,0,0,6,0,0,0,130,2,256,0,0,40,0,0
2229,Helm_,Helm,5,44000,0,600,0,0,6,0,0,1,130,2,256,0,0,40,0,0
2230,Gemmed_Sallet,"Gemmed Sallet",5,50000,0,500,0,0,4,3,0,0,6370,2,256,0,0,0,0,0
2231,Gemmed_Sallet_,"Gemmed Sallet",5,50000,0,500,0,0,4,3,0,1,6370,2,256,0,0,0,0,0
2232,Circlet,Circlet,5,7500,0,300,0,0,3,3,0,0,1300,2,256,0,0,18,0,0
2233,Circlet_,Circlet,5,7500,0,300,0,0,3,3,0,1,1300,2,256,0,0,18,0,0
2234,Tiara,Tiara,5,20,0,400,0,0,4,0,0,0,8190,0,256,0,45,19,0,0
2235,Crown,Crown,5,20,0,400,0,0,4,0,0,0,8190,1,256,0,45,45,0,0
2236,Santa_Hat,"Santa Hat",5,20,0,100,0,0,1,1,0,0,8191,2,256,0,0,20,0,0
2237,Bandit_Beard,"Bandit Beard",5,2,0,100,0,0,0,0,0,0,8191,2,1,0,0,21,0,0
2238,Moustache,Moustache,5,2,0,100,0,0,0,0,0,0,8191,2,1,0,0,22,0,0
2239,Single_Glass,"Single Glass",5,10000,0,100,0,0,0,0,0,0,8191,2,512,0,0,23,0,0
2240,Beard,Beard,5,2,0,100,0,0,0,0,0,0,8191,2,1,0,0,24,0,0
2241,Granpa_Beard,"Grampa Beard",5,20,0,100,0,0,0,0,0,0,8191,2,1,0,0,25,0,0
2242,Luxury_Sunglasses,"Luxury Sungalsses",5,24000,0,100,0,0,1,0,0,0,8191,2,512,0,0,26,0,0
2243,Geek_Glasses,"Geek Glasses",5,20000,0,100,0,0,1,0,0,0,8191,2,512,0,0,27,0,0
2244,Big_Ribbon,"Big Ribbon",5,15000,0,200,0,0,2,3,0,0,8191,2,256,0,0,28,0,0
2245,Sweet_Gent,"Sweet Gent",5,15000,0,400,0,0,3,0,0,0,8191,2,256,0,0,29,0,0
2246,Golden_Gear,"Golden Gear",5,20,0,900,0,0,5,0,0,0,8190,2,256,0,40,30,0,0
2247,Romantic_Gent,"Romantic Gent",5,15000,0,400,0,0,3,0,0,0,8191,2,256,0,0,31,0,0
2248,Western_Grace,"Westren Grace",5,15000,0,400,0,0,3,0,0,0,8191,2,256,0,0,32,0,0
2249,Coronet,Coronet,5,20,0,300,0,0,3,0,0,0,8190,2,256,0,0,33,0,0
2250,Cute_Ribbon,"Cute Ribbon",5,500,0,100,0,0,1,0,0,0,8191,2,256,0,0,34,0,0
2251,Monk_Hat,"Monk Hat",5,30000,0,100,0,0,5,3,0,0,1040,2,256,0,0,35,0,0
2252,Wizard_Hat,"Wizard Hat",5,20,0,300,0,0,4,0,0,0,260,2,256,0,0,36,0,0
2253,Sunflower,Sunflower,5,20,0,100,0,0,1,0,0,0,8191,2,256,0,0,37,0,0
2254,Angel_Wing,"Angel Wing",5,20,0,100,0,0,2,3,0,0,8191,2,256,0,0,38,0,0
2255,Evil_Wing,"Evil Wing",5,20,0,100,0,0,3,2,0,0,8191,2,256,0,0,39,0,0
2256,Magestic_Goat,"Majestic Goat",5,20,0,800,0,0,5,0,0,0,2210,2,256,0,0,41,0,0
2257,Snow_Horn,"Snow Horn",5,20,0,100,0,0,2,0,0,0,8191,2,256,0,0,42,0,0
2258,Spikey_Band,"Spikey Band",5,20,0,1000,0,0,6,0,0,0,8190,2,256,0,50,43,0,0
2259,Mini_Propeller,"Mini Propeller",5,20,0,100,0,0,1,0,0,0,8191,2,256,0,0,46,0,0
2260,Mini_Glasses,"Mini Glasses",5,28000,0,100,0,0,1,0,0,0,8191,2,512,0,0,47,0,0
2261,Army_Cap,"Army Cap",5,20,0,400,0,0,4,0,0,0,6890,2,256,0,0,48,0,0
2262,Pierrot_Nose,"Pierrot Nose",5,20,0,100,0,0,0,0,0,0,8191,2,1,0,0,49,0,0
2263,Zoro_Masque,"Zoro Masque",5,20,0,100,0,0,0,0,0,0,8191,2,512,0,0,50,0,0
2264,Munak_Turban,"Munak Turban",5,20,0,300,0,0,5,0,0,0,8191,2,769,0,0,51,0,0
2265,Ganster_Mask,"Gangster Mask",5,20,0,100,0,0,0,0,0,0,8191,2,1,0,0,52,0,0
2266,Iron_Chain,"Iron Chain",5,20,0,300,0,0,1,0,0,0,130,2,1,0,50,53,0,0
2267,Cigar,Cigar,5,20,0,100,0,0,0,0,0,0,8190,2,1,0,0,54,0,0
2268,Pipe,Pipe,5,20,0,100,0,0,0,0,0,0,8191,2,1,0,0,55,0,0
2269,Romantic_Flower,"Romantic Flower",5,20,0,100,0,0,0,0,0,0,8191,2,1,0,0,56,0,0
2270,Romantic_Leaf,"Romantic Leaf",5,20,0,100,0,0,0,0,0,0,8191,2,1,0,0,57,0,0
2271,Jack_a_Dandy,"Jack a Dandy",5,45000,0,100,0,0,1,0,0,0,8191,2,256,0,0,58,0,0
2272,Stop_Post,"Stop Post",5,20,0,400,0,0,1,0,0,0,8191,2,256,0,0,59,0,0
2273,Doctor_Cap,"Doctor Cap",5,20,0,100,0,0,1,0,0,0,8191,2,256,0,0,60,0,0
2274,Ghost_Bandana,"Ghost Bandana",5,20,0,100,0,0,0,0,0,0,8191,2,256,0,0,61,0,0
2275,Red_Bandana,"Red Bandana",5,20,0,100,0,0,2,0,0,0,8191,2,256,0,0,62,0,0
2276,Eagle_Eyes,"Eagle Eyes",5,20,0,100,0,0,1,0,0,0,8191,2,512,0,0,63,0,0
2277,Nurse_Cap,"Nurse cap",5,20,0,100,0,0,1,0,0,0,1040,2,256,0,0,64,0,0
2278,Mr_Smile,"Mr Smile",5,30,0,100,0,0,1,0,0,0,8191,2,513,0,0,65,0,0
2279,Bomb_Wick,"Bomb Wick",5,20,0,100,0,0,1,0,0,0,8191,2,256,0,0,66,0,0
2280,Sakkat,Sakkat,5,20,0,300,0,0,3,0,0,0,8191,2,256,0,0,67,0,0
2281,Opera_Mask,"Opera Mask",5,20,0,200,0,0,2,0,0,0,8191,2,513,0,0,68,0,0
2282,Heaven_Ring,"Heaven Ring",5,20,0,100,0,0,0,0,0,0,8191,2,256,0,0,69,0,0
2283,Ear_Muffs,"Ear Muffs",5,20,0,200,0,0,3,0,0,0,8191,2,256,0,0,70,0,0
2284,Antler,Antler,5,20,0,500,0,0,4,0,0,0,8191,2,256,0,0,71,0,0
2285,Apple_Of_Archer,"Apple of Archer",5,20,0,200,0,0,0,0,0,0,8191,2,256,0,30,72,0,0
2286,Elven_Ears,"Elven Ears",5,20,0,100,0,0,0,0,0,0,8191,2,512,0,70,73,0,0
2287,Pirate_Bandana,"Pirate Bandana",5,20,0,100,0,0,1,0,0,0,8191,2,256,0,0,74,0,0
2288,Mr_Scream,"Mr. Scream",5,20,0,100,0,0,1,0,0,0,8191,2,513,0,0,75,0,0
2289,Poo_Poo_Hat,"Poo Poo Hat",5,20,0,700,0,0,0,0,0,0,8191,2,256,0,0,76,0,0
2290,Funeral_Hat,"Funeral Hat",5,3000,0,100,0,0,1,0,0,0,8191,2,256,0,0,77,0,0
2291,Masquerade,Masquerade,5,20,0,100,0,0,0,0,0,0,8191,2,512,0,0,78,0,0
2292,Welding_Mask,"Welding Mask",5,20,0,300,0,0,2,0,0,0,2080,2,513,0,50,79,0,0
2293,Pretend_Murdered,"Pretend Murdered",5,20,0,100,0,0,1,0,0,0,8191,2,256,0,0,80,0,0
2294,Stellar,Stellar,5,20,0,100,0,0,1,0,0,0,8191,2,256,0,0,81,0,0
2295,Blinker,Blinker,5,1500,0,100,0,0,0,0,0,0,8191,2,512,0,0,82,0,0
2296,Binoculars,Binoculars,5,20,0,100,0,0,1,0,0,0,520,2,512,0,50,83,0,0
2297,Goblin_Mask,"Goblin Mask",5,20,0,100,0,0,1,0,0,0,8191,2,513,0,0,84,0,0
2298,Green_Feeler,"Green Feelers",5,20,0,100,0,0,2,0,0,0,8191,2,256,0,0,85,0,0
2299,Orc_Helm,"Orc Helm",5,20,0,500,0,0,5,0,0,0,6370,2,256,0,0,86,0,0
2301,Cotton_Shirt,"Cotton Shirt",5,10,0,100,0,0,1,0,0,0,8191,2,16,0,0,0,0,0
2302,Cotton_Shirt_,"Cotton Shirt",5,10,0,100,0,0,1,0,0,1,8191,2,16,0,0,0,0,0
2303,Leather_Jacket,"Leather Jacket",5,200,0,200,0,0,2,0,0,0,8191,2,16,0,0,0,0,0
2304,Leather_Jacket_,"Leather Jacket",5,200,0,200,0,0,2,0,0,1,8191,2,16,0,0,0,0,0
2305,Adventure_Suit,"Adventure Suit",5,1000,0,300,0,0,3,0,0,0,8191,2,16,0,0,0,0,0
2306,Adventure_Suit_,"Adventure Suit",5,1000,0,300,0,0,3,0,0,1,8191,2,16,0,0,0,0,0
2307,Mantle,Mantle,5,10000,0,600,0,0,4,0,0,0,6890,2,16,0,0,0,0,0
2308,Mantle_,Mantle,5,10000,0,600,0,0,4,0,0,1,6890,2,16,0,0,0,0,0
2309,Coat,Coat,5,22000,0,1200,0,0,5,0,0,0,6890,2,16,0,0,0,0,0
2310,Coat_,Coat,5,22000,0,1200,0,0,5,0,0,1,6890,2,16,0,0,0,0,0
2311,Mink_Coat,"Mink Coat",5,500000,0,2300,0,0,6,0,0,1,8190,2,16,0,30,0,0,0
2312,Padded_Armor,"Padded Armor",5,48000,0,2800,0,0,7,0,0,0,6370,2,16,0,0,0,0,0
2313,Padded_Armor_,"Padded Armor",5,48000,0,2800,0,0,7,0,0,1,6370,2,16,0,0,0,0,0
2314,Chain_Mail,"Chain Mail",5,65000,0,3300,0,0,8,0,0,0,6370,2,16,0,0,0,0,0
2315,Chain_Mail_,"Chain Mail",5,65000,0,3300,0,0,8,0,0,1,6370,2,16,0,0,0,0,0
2316,Plate_Armor,"Plate Armor",5,80000,0,4500,0,0,10,0,0,0,130,2,16,0,40,0,0,0
2317,Plate_Armor_,"Plate Armor",5,80000,0,4500,0,0,10,0,0,1,130,2,16,0,40,0,0,0
2318,Lord's_Clothes,"Lord's Clothing",5,20,0,2500,0,0,8,5,0,1,2080,2,16,0,70,0,0,0
2319,Glittering_Clothes,"Glittering Clothes",5,20,0,2500,0,0,7,5,0,1,2080,2,16,0,60,0,0,0
2320,Formal_Suit,"Formal Suit",5,20,0,300,0,0,5,0,0,1,8190,2,16,0,0,0,0,0
2321,Silk_Robe,"Silk Robe",5,8000,0,400,0,0,3,10,0,0,8190,2,16,0,0,0,0,0
2322,Silk_Robe_,"Silk Robe",5,8000,0,400,0,0,3,10,0,1,8190,2,16,0,0,0,0,0
2323,Scapulare,Scapulare,5,6500,0,400,0,0,4,0,0,0,1040,2,16,0,0,0,0,0
2324,Scapulare_,Scapulare,5,6500,0,400,0,0,4,0,0,1,1040,2,16,0,0,0,0,0
2325,Saint's_Robe,"Saint's Robe",5,54000,0,600,0,0,6,5,0,0,3250,2,16,0,0,0,0,0
2326,Saint's_Robe_,"Saint's Robe",5,54000,0,600,0,0,6,5,0,1,3250,2,16,0,0,0,0,0
2327,Holy_Robe,"Holy Robe",5,20,0,1700,0,0,7,5,0,0,1040,2,16,0,60,0,0,0
2328,Wooden_Mail,"Wooden Mail",5,5500,0,1000,0,0,4,0,0,0,2210,2,16,0,0,0,0,0
2329,Wooden_Mail_,"Wooden Mail",5,5500,0,1000,0,0,4,0,0,1,2210,2,16,0,0,0,0,0
2330,Tights,Tights,5,71000,0,500,0,0,6,0,0,0,520,2,16,0,45,0,0,0
2331,Tights_,Tights,5,71000,0,500,0,0,6,0,0,1,520,2,16,0,45,0,0,0
2332,Silver_Robe,"Silver Robe",5,7000,0,700,0,0,4,0,0,0,260,2,16,0,0,0,0,0
2333,Silver_Robe_,"Silver Robe",5,7000,0,700,0,0,4,0,0,1,260,2,16,0,0,0,0,0
2334,Mage_Coat,"Mage Coat",5,20,0,600,0,0,5,5,0,0,260,2,16,0,50,0,0,0
2335,Thief_Clothes,"Thief Clothes",5,74000,0,100,0,0,6,0,0,0,4160,2,16,0,0,0,0,0
2336,Thief_Clothes_,"Thief Clothes",5,74000,0,100,0,0,6,0,0,1,4160,2,16,0,0,0,0,0
2337,Ninja_Suit,"Ninja Suit",5,20,0,1500,0,0,7,3,0,0,4160,2,16,0,50,0,0,0
2338,Wedding_Dress,"Wedding Dress",5,43000,0,500,0,0,0,15,0,0,8190,2,16,0,0,0,0,0
2339,Panties,Panties,5,1000,0,100,0,0,4,0,0,0,8191,2,16,0,0,0,0,0
2340,Novice_Breastplate,"Novice Breastplate",5,89000,44500,500,0,0,4,0,0,1,8388609,2,16,0,10,0,0,0
2341,Full_Plate_Armor,"Full Plate Armor",5,94000,47000,550,0,0,11,0,0,0,16384,2,16,0,70,0,0,0
2342,Full_Plate_Armor_,"Full Plate Armor",5,124800,62400,550,0,0,11,0,0,1,16384,2,16,0,70,0,0,0
2343,Robe_of_Casting,"Robe of Casting",5,124800,62400,110,0,0,5,0,0,0,65792,2,16,0,75,0,0,0
2344,Armor_of_Fire,"Armor of Fire",5,136000,68000,220,0,0,4,0,0,0,162,3,16,0,45,0,3,0
2345,Armor_of_Fire_,"Armor of Fire",5,136000,68000,220,0,0,4,0,0,1,162,2,16,0,45,0,3,0
2346,Armor_of_Water,"Armor of Water",5,136000,68000,220,0,0,4,0,0,0,162,2,16,0,45,0,1,0
2347,Armor_of_Water_,"Armor of Water",5,136000,68000,220,0,0,4,0,0,1,162,2,16,0,45,0,1,0
2348,Armor_of_Wind,"Armor of Wind",5,136000,68000,220,0,0,4,0,0,0,162,2,16,0,45,0,4,0
2349,Armor_of_Wind_,"Armor of Wind",5,136000,68000,220,0,0,4,0,0,1,162,2,16,0,45,0,4,0
2350,Armor_of_Land,"Armor of Land",5,136000,68000,220,0,0,4,0,0,0,162,2,16,0,45,0,2,0
2351,Armor_of_Land_,"Armor of Land",5,136000,68000,200,0,0,4,0,0,1,162,2,16,0,45,0,2,0
2352,Armor_For_Novice,"Armor For Novice",5,1,1,10,0,0,4,0,0,0,1,2,16,0,1,0,0,0
2401,Sandals,Sandals,5,400,0,200,0,0,1,0,0,0,8191,2,64,0,0,0,0,0
2402,Sandals_,Sandals,5,400,0,200,0,0,1,0,0,1,8191,2,64,0,0,0,0,0
2403,Shoes,Shoes,5,3500,0,400,0,0,2,0,0,0,8190,2,64,0,0,0,0,0
2404,Shoes_,Shoes,5,3500,0,400,0,0,2,0,0,1,8190,2,64,0,0,0,0,0
2405,Boots,Boots,5,18000,0,600,0,0,4,0,0,0,6890,2,64,0,0,0,0,0
2406,Boots_,Boots,5,18000,0,600,0,0,4,0,0,1,6890,2,64,0,0,0,0,0
2407,Chrystal_Pumps,"Crystal Pumps",5,20,0,100,0,0,0,10,0,0,8190,0,64,0,0,0,0,0
2408,Ball_n_Chain,Ball'n'Chain,5,5000,0,3000,0,0,3,0,0,0,8191,2,64,0,0,0,0,0
2409,High_Heel,"High Heel",5,8500,0,600,0,0,2,5,0,0,6890,2,64,0,0,0,0,0
2410,Sleipnir,Sleipnir,5,20,10,3500,0,0,1,10,0,0,2088958,2,64,0,94,0,0,0
2411,Greaves,Greaves,5,48000,24000,750,0,0,5,0,0,0,16512,2,64,0,65,0,0,0
2412,Greaves_,Greaves_,5,54000,27000,750,0,0,5,0,0,1,16512,2,64,0,65,0,0,0
2413,Safety_Shoes,Safety_Shoes,5,34000,17000,350,0,0,6,0,0,0,16514,2,64,0,30,0,0,0
2414,Sandal_For_Novice,"Sandal For Novice",5,1,1,10,0,0,2,0,0,0,1,2,64,0,5,0,0,0
2415,Bunny_Slippers,"Bunny Slippers",5,20,0,300,0,0,3,0,0,0,8190,2,64,0,30,0,0,0
2501,Hood,Hood,5,1000,0,200,0,0,1,0,0,0,8191,2,4,0,0,0,0,0
2502,Hood_,Hood,5,1000,0,200,0,0,1,0,0,1,8191,2,4,0,0,0,0,0
2503,Muffler,Muffler,5,5000,0,400,0,0,2,0,0,0,8190,2,4,0,0,0,0,0
2504,Muffler_,Muffler,5,5000,0,400,0,0,2,0,0,1,8190,2,4,0,0,0,0,0
2505,Manteau,Manteau,5,32000,0,600,0,0,4,0,0,0,6370,2,4,0,0,0,0,0
2506,Manteau_,Manteau,5,32000,0,600,0,0,4,0,0,1,6370,2,4,0,0,0,0,0
2507,Cape_Of_Ancient_Lord,"Cape of Ancient Lord",5,20,0,600,0,0,2,0,0,0,8190,2,4,0,40,0,0,0
2508,Ragamuffin_Cape,"Ragamuffin Cape",5,20,0,500,0,0,1,10,0,0,8190,2,4,0,0,0,0,0
2509,Manteau_of_life,"Manteau of life",5,42000,21000,550,0,0,4,0,0,0,66052,2,4,0,75,0,0,0
2510,Hood_For_Novice,"Hood For Novice",5,1,1,10,0,0,2,0,0,0,8388609,2,4,0,10,0,0,0
2511,Skeleton_Manteau,"Skeleton Manteau",5,20,0,700,0,0,1,0,0,0,414946,2,4,0,75,0,0,0
2601,Ring,Ring,5,30000,0,100,0,0,0,0,0,0,8190,2,136,0,20,0,0,0
2602,Earring,Earring,5,30000,0,100,0,0,0,0,0,0,8190,2,136,0,20,0,0,0
2603,Necklace,Necklace,5,30000,0,100,0,0,0,0,0,0,8190,2,136,0,20,0,0,0
2604,Glove,Glove,5,30000,0,100,0,0,0,0,0,0,8190,2,136,0,20,0,0,0
2605,Brooch,Brooch,5,30000,0,100,0,0,0,0,0,0,8190,2,136,0,20,0,0,0
2607,Clip,Clip,5,30000,0,100,0,0,0,0,0,1,8190,2,136,0,0,0,0,0
2608,Rosary,Rosary,5,15000,0,100,0,0,0,5,0,0,8190,2,136,0,20,0,0,0
2609,Skul_Ring,"Skull Ring",5,10000,0,100,0,0,0,0,0,0,8191,2,136,0,0,0,0,0
2610,Gold_Ring,"Gold Ring",5,30000,0,100,0,0,0,0,0,0,8191,2,136,0,0,0,0,0
2611,Silver_Ring,"Silver Ring",5,20000,0,100,0,0,0,0,0,0,8191,2,136,0,0,0,0,0
2612,Flower_Ring,"Flower ring",5,1500,0,100,0,0,0,0,0,0,8191,2,136,0,0,0,0,0
2613,Diamond_Ring,"Diamond Ring",5,45000,0,100,0,0,0,0,0,0,8191,2,136,0,0,0,0,0
2614,Eye_of_Dullahan,"Eye of Dullahan",5,90000,0,100,0,0,0,0,0,0,8190,2,136,0,50,0,0,0
2615,Safety_Ring,"Safety Ring",5,75000,0,100,0,0,3,3,0,0,8190,2,136,0,40,0,0,0
2616,Critical_Ring,"Critical Ring",5,75000,0,100,0,0,0,0,0,0,8190,2,136,0,40,0,0,0
2617,Celebrant's_Mitten,"Celebrant's Mitten",5,2,0,100,0,0,1,0,0,0,8190,2,136,0,35,0,0,0
2618,Matyr's_Leash,"Matyr's Leash",5,2,0,100,0,0,1,0,0,0,8190,2,136,0,35,0,0,0
2619,Thimble_Of_Archer,"Thimble of Archer",5,10000,0,100,0,0,0,0,0,0,520,2,136,0,65,0,0,0
2620,Rogue's_Treasure,"Rogue's Treasure",5,10000,0,100,0,0,0,0,0,0,4160,2,136,0,70,0,0,0
2621,Ring_,Ring,5,30000,0,200,0,0,0,0,0,1,8190,2,136,0,90,0,0,0
2622,Earring_,Earring,5,30000,0,200,0,0,0,0,0,1,8190,2,136,0,90,0,0,0
2623,Necklace_,Necklace,5,30000,0,200,0,0,0,0,0,1,8190,2,136,0,90,0,0,0
2624,Glove_,Glove,5,30000,0,200,0,0,0,0,0,1,8190,2,136,0,90,0,0,0
2625,Brooch_,Brooch,5,30000,0,200,0,0,0,0,0,1,8190,2,136,0,90,0,0,0
2626,Rosary_,Rosary,5,15000,0,200,0,0,0,3,0,1,8190,2,136,0,90,0,0,0
2627,Belt_,Belt,5,20000,0,1200,0,0,0,0,0,1,8190,2,136,0,25,0,0,0
2628,Novice_Armlet,"Novice Armlet",5,400,200,200,0,0,0,0,0,1,8388609,2,136,0,1,0,0,0
2629,Megingjard,Megingjard,5,20,10,8000,0,0,2,7,0,0,8191,2,136,0,94,96,0,0
2630,Brisingamen,Brisingamen,5,20,10,1500,0,0,1,3,0,0,9190,2,136,0,94,13,0,0
2631,Pebble_Ring,"Pebble Ring",5,20,10,50,0,0,0,0,0,0,73727,2,136,0,0,0,0,0
2634,Groom's_Wedding_Band,"Groom's Wedding Band",5,0,0,0,0,0,0,0,0,0,81919,1,136,0,0,0,0,0
2635,Bride's_Wedding_band,"Bride's Wedding Band",5,0,0,0,0,0,0,0,0,0,81919,0,136,0,0,0,0,0
2636,Gold_Christmas_Ring,"Gold Christmas Ring",5,20,10,10,0,0,0,0,0,0,1671295,2,136,0,0,0,0,0
2637,Silver_Christmas_Ring,"Silver Christmas Ring",5,20,10,10,0,0,0,0,0,0,1671295,2,136,0,0,0,0,0
2638,Exorcize_Sachet,"Exorcize Sachet",5,20,10,100,0,0,2,0,0,0,2088959,2,136,0,1,0,0,0
2639,Purification_Sachet,"Purification Sachet",5,20,10,100,0,0,2,0,0,1,2088959,2,136,0,1,0,0,0
2640,Kafra's_Ring,"Kafra's Ring",5,300000,0,200,0,0,1,0,0,1,8190,2,136,0,0,0,0,0
2641,Fashion_Backpack,"Fashion Backpack",5,20,0,700,0,0,0,0,0,0,263200,2,136,0,50,0,0,0
2642,Taxed_Gold_Ring,Taxed_Gold_Ring,5,20,0,700,0,0,0,0,0,0,263200,2,136,0,50,0,0,0
2643,Taxed_Gold_Ring_,Taxed_Gold_Ring,5,20,0,700,0,0,0,0,0,0,263200,2,136,0,50,0,0,0
2644,Witches_Amulet,"Witches Amulet",5,20,0,700,0,0,0,0,0,0,263200,2,136,0,50,0,0,0
2645,Moonlight_Ring,"Moonlight Ring",5,20,0,700,0,0,0,0,0,0,263200,2,136,0,50,0,0,0
2646,Bouquet,Bouquet,5,20,0,700,0,0,0,0,0,0,263200,2,136,0,50,0,0,0
4001,Poring_Card,Poring_Card,6,20,0,10,0,0,0,0,0,0,0,0,16,0,0,0,0,0
4002,Fabre_Card,Fabre_Card,6,20,0,10,0,0,0,0,0,0,0,0,0,0,0,0,0,0
4003,Pupa_Card,Pupa_Card,6,20,0,10,0,0,0,0,0,0,0,0,16,0,0,0,0,0
4004,Drops_Card,Drops_Card,6,20,0,10,0,0,0,0,0,0,0,0,0,0,0,0,0,0
4005,Poring__Card,Poring__Card,6,20,0,10,0,0,0,0,0,0,0,0,0,0,0,0,0,0
4006,Lunatic_Card,Lunatic_Card,6,20,0,10,0,0,0,0,0,0,0,0,0,0,0,0,0,0
4007,Pecopeco_Egg_Card,Pecopeco_Egg_Card,6,20,0,10,0,0,0,0,0,0,0,0,0,0,0,0,0,0
4008,Picky_Card,Picky_Card,6,20,0,10,10,0,0,0,0,0,0,0,16,0,0,0,0,0
4009,Chonchon_Card,Chonchon_Card,6,20,0,10,0,0,0,0,0,0,0,0,64,0,0,0,0,0
4010,Wilow_Card,Wilow_Card,6,20,0,10,0,0,0,0,0,0,0,0,769,0,0,0,0,0
4011,Picky__Card,Picky__Card,6,20,0,10,0,0,0,0,0,0,0,0,16,0,0,0,0,0
4012,Thief_Bug_Egg_Card,Thief_Bug_Egg_Card,6,20,0,10,0,0,0,0,0,0,0,0,32,0,0,0,0,0
4013,Andre_Egg_Card,Andre_Egg_Card,6,20,0,10,0,0,0,0,0,0,0,0,32,0,0,0,0,0
4014,Roda_Frog_Card,Roda_Frog_Card,6,20,0,10,0,0,0,0,0,0,0,0,16,0,0,0,0,0
4015,Condor_Card,Condor_Card,6,20,0,10,0,0,0,0,0,0,0,0,4,0,0,0,0,0
4016,Thief_Bug_Card,Thief_Bug_Card,6,20,0,10,0,0,0,0,0,0,0,0,16,0,0,0,0,0
4017,Savage_Babe_Card,Savage_Babe_Card,6,20,0,10,0,0,0,0,0,0,0,0,0,0,0,0,0,0
4018,Andre_Larva_Card,Andre_Larva_Card,6,20,0,10,0,0,0,0,0,0,0,0,0,0,0,0,0,0
4019,Hornet_Card,Hornet_Card,6,20,0,10,3,0,0,0,0,0,0,0,0,0,0,0,0,0
4020,Farmiliar_Card,Farmiliar_Card,6,20,0,10,5,0,0,0,0,0,0,0,0,0,0,0,0,0
4021,Rocker_Card,Rocker_Card,6,20,0,10,0,0,0,0,0,0,0,0,16,0,0,0,0,0
4022,Spore_Card,Spore_Card,6,20,0,10,0,0,0,0,0,0,0,0,136,0,0,0,0,0
4023,Desert_Wolf_Babe_Card,Desert_Wolf_Babe_Card,6,20,0,10,0,0,0,0,0,0,0,0,16,0,0,0,0,0
4024,Plankton_Card,Plankton_Card,6,20,0,10,5,0,0,0,0,0,0,0,0,0,0,0,0,0
4025,Skeleton_Card,Skeleton_Card,6,20,0,10,10,0,0,0,0,0,0,0,0,0,0,0,0,0
4026,Thief_bug_Female_Card,Thief_bug_Female_Card,6,20,0,10,0,0,0,0,0,0,0,0,0,0,0,0,0,0
4027,Kukre_Card,Kukre_Card,6,20,0,10,0,0,0,0,0,0,0,0,136,0,0,0,0,0
4028,Tarou_Card,Tarou_Card,6,20,0,10,0,0,0,0,0,0,0,0,136,0,0,0,0,0
4029,Wolf_Card,Wolf_Card,6,20,0,10,10,0,0,0,0,0,0,0,0,0,0,0,0,0
4030,Mandragora_Card,Mandragora_Card,6,20,0,10,0,0,0,0,0,0,0,0,0,0,0,0,0,0
4031,Pecopeco_Card,Pecopeco_Card,6,20,0,10,0,0,0,0,0,0,0,0,16,0,0,0,0,0
4032,Ambernite_Card,Ambernite_Card,6,20,0,10,0,0,2,0,0,0,0,0,32,0,0,0,0,0
4033,Poporing_Card,Poporing_Card,6,20,0,10,0,0,0,0,0,0,0,0,136,0,0,0,0,0
4034,Worm_Tail_Card,Worm_Tail_Card,6,20,0,10,0,0,0,0,0,0,0,0,136,0,0,0,0,0
4035,Hydra_Card,Hydra_Card,6,20,0,10,0,0,0,0,0,0,0,0,0,0,0,0,0,0
4036,Muka_Card,Muka_Card,6,20,0,10,0,0,0,0,0,0,0,0,136,0,0,0,0,0
4037,Snake_Card,Snake_Card,6,20,0,10,5,0,0,0,0,0,0,0,0,0,0,0,0,0
4038,Zombie_Card,Zombie_Card,6,20,0,10,0,0,0,0,0,0,0,0,64,0,0,0,0,0
4039,Stainer_Card,Stainer_Card,6,20,0,10,0,0,1,0,0,0,0,0,769,0,0,0,0,0
4040,Creamy_Card,Creamy_Card,6,20,0,10,0,0,0,0,0,0,0,0,136,0,0,0,0,0
4041,Coco_Card,Coco_Card,6,20,0,10,0,0,1,0,0,0,0,0,769,0,0,0,0,0
4042,Steel_Chonchon_Card,Steel_Chonchon_Card,6,20,0,10,0,0,2,0,0,0,0,0,16,0,0,0,0,0
4043,Andre_Card,Andre_Card,6,20,0,10,30,0,0,0,0,0,0,0,0,0,0,0,0,0
4044,Smokie_Card,Smokie_Card,6,20,0,10,0,0,0,0,0,0,0,0,136,0,0,0,0,0
4045,horn_Card,horn_Card,6,20,0,10,0,0,0,0,0,0,0,0,32,0,0,0,0,0
4046,Martin_Card,Martin_Card,6,20,0,10,0,0,0,0,0,0,0,0,769,0,0,0,0,0
4047,Ghostring_Card,Ghostring_Card,6,20,0,10,0,0,0,0,0,0,0,0,16,0,0,0,8,0
4048,Poison_Spore_Card,Poison_Spore_Card,6,20,0,10,0,0,0,0,0,0,0,0,136,0,0,0,0,0
4049,Vadon_Card,Vadon_Card,6,20,0,10,0,0,0,0,0,0,0,0,0,0,0,0,0,0
4050,Thief_bug_Male_Card,Thief_bug_Male_Card,6,20,0,10,0,0,0,0,0,0,0,0,64,0,0,0,0,0
4051,Yoyo_Card,Yoyo_Card,6,20,0,10,0,0,0,0,0,0,0,0,136,0,0,0,0,0
4052,Elder_Wilow_Card,Elder_Wilow_Card,6,20,0,10,0,0,0,0,0,0,0,0,769,0,0,0,0,0
4053,Vitata_Card,Vitata_Card,6,20,0,10,0,0,0,0,0,0,0,0,136,0,0,0,0,0
4054,Angeling_Card,Angeling_Card,6,20,0,10,0,0,0,0,0,0,0,0,16,0,0,0,6,0
4055,Marina_Card,Marina_Card,6,20,0,10,5,0,0,0,0,0,0,0,0,0,0,0,0,0
4056,Dustiness_Card,Dustiness_Card,6,20,0,10,0,0,0,0,0,0,0,0,4,0,0,0,0,0
4057,Metaller_Card,Metaller_Card,6,20,0,10,5,0,0,0,0,0,0,0,0,0,0,0,0,0
4058,Thara_Frog_Card,Thara_Frog_Card,6,20,0,10,0,0,0,0,0,0,0,0,32,0,0,0,0,0
4059,Soldier_Andre_Card,Soldier_Andre_Card,6,20,0,10,0,0,0,0,0,0,0,0,32,0,0,0,0,0
4060,Goblin_Card,Goblin_Card,6,20,0,10,0,0,0,0,0,0,0,0,0,0,0,0,0,0
4061,Cornutus_Card,Cornutus_Card,6,20,0,10,0,0,1,0,0,0,0,0,16,0,0,0,0,0
4062,Anacondaq_Card,Anacondaq_Card,6,20,0,10,0,0,0,0,0,0,0,0,0,0,0,0,0,0
4063,Caramel_Card,Caramel_Card,6,20,0,10,0,0,0,0,0,0,0,0,0,0,0,0,0,0
4064,Zerom_Card,Zerom_Card,6,20,0,10,0,0,0,0,0,0,0,0,136,0,0,0,0,0
4065,Kaho_Card,Kaho_Card,6,20,0,10,0,0,0,0,0,0,0,0,0,0,0,0,0,0
4066,Orc_Warrior_Card,Orc_Warrior_Card,6,20,0,10,0,0,0,0,0,0,0,0,32,0,0,0,0,0
4067,Megalodon_Card,Megalodon_Card,6,20,0,10,0,0,1,0,0,0,0,0,32,0,0,0,0,0
4068,Scorpion_Card,Scorpion_Card,6,20,0,10,0,0,0,0,0,0,0,0,0,0,0,0,0,0
4069,Drainliar_Card,Drainliar_Card,6,20,0,10,0,0,0,0,0,0,0,0,0,0,0,0,0,0
4070,Eggyra_Card,Eggyra_Card,6,20,0,10,0,0,0,0,0,0,0,0,64,0,0,0,0,0
4071,Orc_Zombie_Card,Orc_Zombie_Card,6,20,0,10,0,0,0,0,0,0,0,0,4,0,0,0,0,0
4072,Golem_Card,Golem_Card,6,20,0,10,5,0,0,0,0,0,0,0,0,0,0,0,0,0
4073,Pirate_Skel_Card,Pirate_Skel_Card,6,20,0,10,0,0,0,0,0,0,0,0,136,0,0,0,0,0
4074,BigFoot_Card,BigFoot_Card,6,20,0,10,0,0,0,0,0,0,0,0,32,0,0,0,0,0
4075,Argos_Card,Argos_Card,6,20,0,10,0,0,1,0,0,0,0,0,32,0,0,0,0,0
4076,Magnolia_Card,Magnolia_Card,6,20,0,10,5,0,0,0,0,0,0,0,0,0,0,0,0,0
4077,Phen_Card,Phen_Card,6,20,0,10,0,0,0,0,0,0,0,0,136,0,0,0,0,0
4078,Savage_Card,Savage_Card,6,20,0,10,0,0,0,0,0,0,0,0,16,0,0,0,0,0
4079,Mantis_Card,Mantis_Card,6,20,0,10,0,0,0,0,0,0,0,0,136,0,0,0,0,0
4080,Flora_Card,Flora_Card,6,20,0,10,0,0,0,0,0,0,0,0,0,0,0,0,0,0
4081,Hode_Card,Hode_Card,6,20,0,10,0,0,0,0,0,0,0,0,4,0,0,0,0,0
4082,Desert_Wolf_Card,Desert_Wolf_Card,6,20,0,10,5,0,0,0,0,0,0,0,0,0,0,0,0,0
4083,Rafflesia_Card,Rafflesia_Card,6,20,0,10,0,0,0,0,0,0,0,0,32,0,0,0,0,0
4084,Marine_Sphere_Card,Marine_Sphere_Card,6,20,0,10,0,0,0,0,0,0,0,0,136,0,0,0,0,0
4085,Orc_Skeleton_Card,Orc_Skeleton_Card,6,20,0,10,0,0,0,0,0,0,0,0,0,0,0,0,0,0
4086,Soldier_Skeleton_Card,Soldier_Skeleton_Card,6,20,0,10,0,0,0,0,0,0,0,0,0,0,0,0,0,0
4087,Giearth_Card,Giearth_Card,6,20,0,10,0,0,0,0,0,0,0,0,769,0,0,0,0,0
4088,Frilldora_Card,Frilldora_Card,6,20,0,10,0,0,0,0,0,0,0,0,4,0,0,0,0,0
4089,Sword_Fish_Card,Sword_Fish_Card,6,20,0,10,0,0,1,0,0,0,0,0,16,0,0,0,1,0
4090,Munak_Card,Munak_Card,6,20,0,10,0,0,1,0,0,0,0,0,32,0,0,0,0,0
4091,Kobold_Card,Kobold_Card,6,20,0,10,0,0,0,0,0,0,0,0,136,0,0,0,0,0
4092,Skel_Worker_Card,Skel_Worker_Card,6,20,0,10,5,0,0,0,0,0,0,0,0,0,0,0,0,0
4093,Obeaune_Card,Obeaune_Card,6,20,0,10,0,0,0,0,0,0,0,0,136,0,0,0,0,0
4094,Archer_Skeleton_Card,Archer_Skeleton_Card,6,20,0,10,0,0,0,0,0,0,0,0,0,0,0,0,0,0
4095,Marse_Card,Marse_Card,6,20,0,10,0,0,0,0,0,0,0,0,4,0,0,0,0,0
4096,Zenorc_Card,Zenorc_Card,6,20,0,10,10,0,0,0,0,0,0,0,0,0,0,0,0,0
4097,Matyr_Card,Matyr_Card,6,20,0,10,0,0,0,0,0,0,0,0,64,0,0,0,0,0
4098,Dokebi_Card,Dokebi_Card,6,20,0,10,0,0,1,0,0,0,0,0,16,0,0,0,4,0
4099,Pasana_Card,Pasana_Card,6,20,0,10,0,0,1,0,0,0,0,0,16,0,0,0,0,0
4100,Sohee_Card,Sohee_Card,6,20,0,10,0,0,0,0,0,0,0,0,64,0,0,0,0,0
4101,Sand_Man_Card,Sand_Man_Card,6,20,0,10,0,0,1,0,0,0,0,0,16,0,0,0,2,0
4102,Whisper_Card,Whisper_Card,6,20,0,10,0,0,0,0,0,0,0,0,4,0,0,0,0,0
4103,Horong_Card,Horong_Card,6,20,0,10,0,0,0,0,0,0,0,0,136,0,0,0,0,0
4104,Requiem_Card,Requiem_Card,6,20,0,10,0,0,0,0,0,0,0,0,0,0,0,0,0,0
4105,Marc_Card,Marc_Card,6,20,0,10,0,0,0,0,0,0,0,0,16,0,0,0,0,0
4106,Mummy_Card,Mummy_Card,6,20,0,10,0,0,0,0,0,0,0,0,0,0,0,0,0,0
4107,Verit_Card,Verit_Card,6,20,0,10,0,0,0,0,0,0,0,0,64,0,0,0,0,0
4108,Myst_Card,Myst_Card,6,20,0,10,0,0,0,0,0,0,0,0,4,0,0,0,0,0
4109,Jakk_Card,Jakk_Card,6,20,0,10,0,0,0,0,0,0,0,0,4,0,0,0,0,0
4110,Ghoul_Card,Ghoul_Card,6,20,0,10,0,0,1,0,0,0,0,0,769,0,0,0,0,0
4111,Strouf_Card,Strouf_Card,6,20,0,10,0,0,0,0,0,0,0,0,0,0,0,0,0,0
4112,Marduk_Card,Marduk_Card,6,20,0,10,0,0,0,0,0,0,0,0,769,0,0,0,0,0
4113,Marionette_Card,Marionette_Card,6,20,0,10,0,0,0,0,0,0,0,0,4,0,0,0,0,0
4114,Argiope_Card,Argiope_Card,6,20,0,10,0,0,1,0,0,0,0,0,16,0,0,0,5,0
4115,Hunter_Fly_Card,Hunter_Fly_Card,6,20,0,10,0,0,0,0,0,0,0,0,0,0,0,0,0,0
4116,Isis_Card,Isis_Card,6,20,0,10,0,0,0,0,0,0,0,0,4,0,0,0,0,0
4117,Side_Winder_Card,Side_Winder_Card,6,20,0,10,0,0,0,0,0,0,0,0,0,0,0,0,0,0
4118,Petit_Card,Petit_Card,6,20,0,10,0,0,0,0,0,0,0,0,0,0,0,0,0,0
4119,Bathory_Card,Bathory_Card,6,20,0,10,0,0,0,0,0,0,0,0,16,0,0,0,7,0
4120,Petit__Card,Petit__Card,6,20,0,10,0,0,0,0,0,0,0,0,32,0,0,0,0,0
4121,Phreeoni_Card,Phreeoni_Card,6,20,0,10,0,0,0,0,0,0,0,0,0,0,0,0,0,0
4122,Deviruchi_Card,Deviruchi_Card,6,20,0,10,0,0,0,0,0,0,0,0,769,0,0,0,0,0
4123,Eddga_Card,Eddga_Card,6,20,0,10,0,0,0,0,0,0,0,0,64,0,0,0,0,0
4124,Medusa_Card,Medusa_Card,6,20,0,10,0,0,0,0,0,0,0,0,32,0,0,0,0,0
4125,Deviace_Card,Deviace_Card,6,20,0,10,0,0,0,0,0,0,0,0,0,0,0,0,0,0
4126,Minorous_Card,Minorous_Card,6,20,0,10,0,0,0,0,0,0,0,0,0,0,0,0,0,0
4127,Nightmare_Card,Nightmare_Card,6,20,0,10,0,0,0,0,0,0,0,0,769,0,0,0,0,0
4128,Golden_Bug_Card,Golden_Bug_Card,6,20,0,10,0,0,0,0,0,0,0,0,32,0,0,0,0,0
4129,Baphomet__Card,Baphomet__Card,6,20,0,10,0,0,0,0,0,0,0,0,4,0,0,0,0,0
4130,Scorpion_King_Card,Scorpion_King_Card,6,20,0,10,0,0,0,0,0,0,0,0,0,0,0,0,0,0
4131,Moonlight_Flower_Card,Moonlight_Flower_Card,6,20,0,10,0,0,0,0,0,0,0,0,64,0,0,0,0,0
4132,Mistress_Card,Mistress_Card,6,20,0,10,0,0,0,0,0,0,0,0,769,0,0,0,0,0
4133,Raydric_Card,Raydric_Card,6,20,0,10,0,0,0,0,0,0,0,0,4,0,0,0,0,0
4134,Dracula_Card,Dracula_Card,6,20,0,10,0,0,0,0,0,0,0,0,0,0,0,0,0,0
4135,Orc_Lord_Card,Orc_Lord_Card,6,20,0,10,0,0,0,0,0,0,0,0,16,0,0,0,0,0
4136,Khalitzburg_Card,Khalitzburg_Card,6,20,0,10,0,0,0,0,0,0,0,0,32,0,0,0,0,0
4137,Drake_Card,Drake_Card,6,20,0,10,0,0,0,0,0,0,0,0,0,0,0,0,0,0
4138,Anubis_Card,Anubis_Card,6,20,0,10,0,0,0,0,0,0,0,0,32,0,0,0,0,0
4139,Joker_Card,Joker_Card,6,20,0,10,0,0,0,0,0,0,0,0,136,0,0,0,0,0
4140,Knight_Of_Abyss_Card,Knight_Of_Abyss_Card,6,20,0,10,0,0,0,0,0,0,0,0,0,0,0,0,0,0
4141,Evil_Druid_Card,Evil_Druid_Card,6,20,0,10,0,0,1,0,0,0,0,0,16,0,0,0,9,0
4142,Doppelganger_Card,Doppelganger_Card,6,20,0,10,0,0,0,0,0,0,0,0,0,0,0,0,0,0
4143,Orc_Hero_Card,Orc_Hero_Card,6,20,0,10,0,0,0,0,0,0,0,0,769,0,0,0,0,0
4144,Osiris_Card,Osiris_Card,6,20,0,10,0,0,0,0,0,0,0,0,136,0,0,0,0,0
4145,Berzebub_Card,Berzebub_Card,6,20,0,10,0,0,0,0,0,0,0,0,136,0,0,0,0,0
4146,Maya_Card,Maya_Card,6,20,0,10,0,0,0,0,0,0,0,0,32,0,0,0,0,0
4147,Baphomet_Card,Baphomet_Card,6,20,0,10,0,0,0,0,0,0,0,0,0,0,0,0,0,0
4148,Pharaoh_Card,Pharaoh_Card,6,20,0,10,0,0,0,0,0,0,0,0,769,0,0,0,0,0
4149,Bongun_Card,Bongun_Card,6,20,0,10,0,0,0,0,0,0,0,0,32,0,0,0,0,0
4150,Orc_Archer_Card,Orc_Archer_Card,6,20,0,10,0,0,0,0,1,0,0,0,136,0,0,0,0,0
4151,Mimic_Card,Mimic_Card,6,20,0,10,0,0,0,0,0,0,0,0,769,0,0,0,0,0
4152,Wraith_Card,Wraith_Card,6,20,0,10,0,8,0,0,0,0,0,0,769,0,0,0,0,0
4153,Alarm_Card,Alarm_Card,6,20,0,10,0,0,0,0,0,0,0,0,136,0,0,0,0,0
4154,Arclouse_Card,Arclouse_Card,6,20,0,10,0,0,0,0,0,0,0,0,64,0,0,0,0,0
4155,Rideword_Card,Rideword_Card,6,20,0,10,0,0,0,0,0,0,0,0,32,0,0,0,0,0
4156,Skel_Prisoner_Card,Skel_Prisoner_Card,6,20,0,10,0,0,0,0,0,0,0,0,136,0,0,0,0,0
4157,Zombie_Prisoner_Card,Zombie_Prisoner_Card,6,20,0,10,0,0,0,0,0,0,0,0,16,0,0,0,0,0
4158,Dark_Priest_Card,Dark_Priest_Card,6,20,0,10,0,0,0,0,0,0,0,0,4,0,0,0,0,0
4159,Punk_Card,Punk_Card,6,20,0,10,0,0,0,0,0,0,0,0,0,0,0,0,0,0
4160,Zherlthsh_Card,Zherlthsh_Card,6,20,0,10,0,0,0,0,0,0,0,0,0,0,0,0,0,0
4161,Mysteltainn_Card,Mysteltainn_Card,6,20,0,10,0,0,0,0,0,0,0,0,64,0,0,0,0,0
4162,Tirfing_Card,Tirfing_Card,6,20,0,10,30,0,0,0,0,0,0,0,0,0,0,0,0,0
4163,Executioner_Card,Executioner_Card,6,20,0,10,0,0,0,0,0,0,0,0,0,0,0,0,0,0
4164,Anolian_Card,Anolian_Card,6,20,0,10,0,0,0,0,0,0,0,0,16,0,0,0,0,0
4165,Sting_Card,Sting_Card,6,20,0,10,0,0,0,0,0,0,0,0,136,0,0,0,0,0
4166,Wander_Man_Card,Wander_Man_Card,6,20,0,10,0,0,0,0,0,0,0,0,0,0,0,0,0,0
4167,Cramp_Card,Cramp_Card,6,20,0,10,0,0,0,0,0,0,0,0,4,0,0,0,0,0
4168,Filamentous_Card,Filamentous_Card,6,20,0,10,0,0,0,0,0,0,0,0,0,0,0,0,0,0
4169,Brilight_Card,Brilight_Card,6,20,0,10,0,0,0,0,0,0,0,0,32,0,0,0,0,0
4170,Iron_First_Card,Iron_First_Card,6,20,0,10,0,0,0,0,0,0,0,0,769,0,0,0,0,0
4171,High_Orc_Card,High_Orc_Card,6,20,0,10,0,0,0,0,0,0,0,0,16,0,0,0,0,0
4172,Choco_Card,Bongun_Card,6,20,0,10,0,0,0,0,0,0,0,0,16,0,0,0,0,0
4173,Stem_Worm_Card,Stem_Worm_Card,6,20,0,10,0,0,0,0,0,0,0,0,16,0,0,0,0,0
4174,Penomena_Card,Penomena_Card,6,20,0,10,0,0,0,0,0,0,0,0,32,0,0,0,0,0
4175,Marin_Card,Marin_Card,6,20,0,10,0,0,0,0,0,0,0,0,0,0,0,0,0,0
4176,Sasquatch_Card,Sasquatch_Card,6,20,0,10,0,0,0,0,0,0,0,0,0,0,0,0,0,0
4177,Antonio_Card,Antonio_Card,6,20,0,10,0,0,0,0,0,0,0,0,0,0,0,0,0,0
4178,Cruiser_Card,Cruiser_Card,6,20,0,10,0,0,0,0,0,0,0,0,0,0,0,0,0,0
4179,Mystcase_Card,Mystcase_Card,6,20,0,10,0,0,0,0,0,0,0,0,0,0,0,0,0,0
4180,Chepet_Card,Chepet_Card,6,20,0,10,0,0,0,0,0,0,0,0,4,0,0,0,0,0
4181,Knight_Of_Windstorm_Card,Knight_Of_Windstorm_Card,6,20,0,10,0,0,0,0,0,0,0,0,0,0,0,0,0,0
4182,Garm_Card,Garm_Card,6,20,0,10,0,0,0,0,0,0,0,0,0,0,0,0,0,0
4183,Gargoyle_Card,Gargoyle_Card,6,20,0,10,0,0,0,0,0,0,0,0,0,0,0,0,0,0
4184,Raggler_Card,Raggler_Card,6,20,0,10,0,0,0,0,0,0,0,0,0,0,0,0,0,0
4185,Neraid_Card,Neraid_Card,6,20,0,10,0,0,0,0,0,0,0,0,0,0,0,0,0,0
4186,Pest_Card,Pest_Card,6,20,0,10,0,0,0,0,0,0,0,0,0,0,0,0,0,0
4187,Injustice_Card,Injustice_Card,6,20,0,10,0,0,0,0,0,0,0,0,0,0,0,0,0,0
4188,Goblin_Archer_Card,Goblin_Archer_Card,6,20,0,10,0,0,0,0,0,0,0,0,0,0,0,0,0,0
4189,Gryphon_Card,Gryphon_Card,6,20,0,10,0,0,0,0,0,0,0,0,0,0,0,0,0,0
4190,Dark_Frame_Card,Dark_Frame_Card,6,20,0,10,0,0,0,0,0,0,0,0,769,0,0,0,0,0
4191,Wind_Ghost_Card,Wind_Ghost_Card,6,20,0,10,0,0,0,0,0,0,0,0,0,0,0,0,0,0
4192,Merman_Card,Merman_Card,6,20,0,10,0,0,0,0,0,0,0,0,0,0,0,0,0,0
4193,Cookie_Card,Cookie_Card,6,20,0,10,0,0,0,0,0,0,0,0,0,0,0,0,0,0
4194,Aster_Card,Aster_Card,6,20,0,10,0,0,0,0,0,0,0,0,0,0,0,0,0,0
4195,Carat_Card,Carat_Card,6,20,0,10,0,0,0,0,0,0,0,0,0,0,0,0,0,0
4196,Bloody_Knight_Card,Bloody_Knight_Card,6,20,0,10,0,0,0,0,0,0,0,0,0,0,0,0,0,0
4197,Clock_Card,Clock_Card,6,20,0,10,0,0,0,0,0,0,0,0,0,0,0,0,0,0
4198,Clock_Tower_Manager_Card,Clock_Tower_Manager_Card,6,20,0,10,0,0,0,0,0,0,0,0,136,0,0,0,0,0
4199,Alligator_Card,Alligator_Card,6,20,0,10,0,0,0,0,0,0,0,0,0,0,0,0,0,0
4200,Dark_Lord_Card,Dark_Lord_Card,6,20,0,10,0,0,0,0,0,0,0,0,0,0,0,0,0,0
4201,Orc_Lady_Card,Orc_Lady_Card,6,20,0,10,0,0,0,0,0,0,0,0,0,0,0,0,0,0
4202,Megalith_Card,Bongun_Card,6,20,0,10,0,0,0,0,0,0,0,0,4,0,0,0,0,0
4203,Alice_Card,Alice_Card,6,20,0,10,0,0,0,0,0,0,0,0,136,0,0,0,0,0
4204,Raydric_Archer_Card,Raydric_Archer_Card,6,20,0,10,0,0,0,0,0,0,0,0,0,0,0,0,0,0
4205,Greatest_General_Card,Greatest_General_Card,6,20,0,10,0,0,0,0,0,0,0,0,0,0,0,0,0,0
4206,Stalactic_Golem_Card,Bongun_Card,6,20,0,10,0,0,0,0,0,0,0,0,32,0,0,0,0,0
4207,Tri_Joint_Card,Tri_Joint_Card,6,20,0,10,0,0,0,0,0,0,0,0,0,0,0,0,0,0
4208,Steam_Goblin_Card,Steam_Goblin_Card,6,20,0,10,0,0,0,0,0,0,0,0,0,0,0,0,0,0
4209,Sage_Worm_Card,Sage_Worm_Card,6,20,0,10,0,0,0,0,0,0,0,0,136,0,0,0,0,0
4210,Kobold_Archer_Card,Kobold_Archer_Card,6,20,0,10,0,0,0,0,0,0,0,0,0,0,0,0,0,0
4211,Chimera_Card,Chimera_Card,6,20,0,10,0,0,0,0,0,0,0,0,0,0,0,0,0,0
5001,Headset,Headset,5,20,0,200,0,0,3,0,0,0,8191,2,256,0,0,87,0,0
5002,Gemmed_Crown,"Jewel Crown",5,20,0,600,0,0,4,3,0,0,2210,2,256,0,60,88,0,0
5003,Joker_Jester,"Joker Jester",5,20,0,100,0,0,1,5,0,0,8191,2,256,0,0,89,0,0
5004,Oxygen_Mask,"Oxygen Mask",5,20,0,200,0,0,0,0,0,0,8191,2,1,0,0,90,0,0
5005,Gas_Mask,"Gas Mask",5,20,0,100,0,0,1,0,0,0,8191,2,513,0,0,91,0,0
5006,Machoman_Glasses,"Machoman Glasses",5,36000,0,100,0,0,1,0,0,0,8191,2,512,0,0,92,0,0
5007,Lord_Circlet,"Grand Circlet",5,20,0,200,0,0,3,4,0,0,8191,2,256,0,55,93,0,0
5008,Puppy_Love,"Puppy Love",5,20,0,100,0,0,1,0,0,0,8191,2,256,0,0,94,0,0
5009,Safety_Helmet,"Saftey Helmet",5,20,0,500,0,0,3,3,0,0,8191,2,256,0,0,95,0,0
5010,Indian_Hair_Piece,"Indian FIllet",5,20,0,100,0,0,3,0,0,0,8191,2,256,0,0,96,0,0
5011,Antenna,Antenna,5,20,0,100,0,0,3,0,0,0,8191,2,256,0,0,97,0,0
5012,Ph.D_Hat,"PH.D Hat",5,20,0,200,0,0,3,3,0,0,8191,2,256,0,0,98,0,0
5013,Horn_Of_Lord_Kaho,"Lord Kaho's Horns",5,20,0,100,0,0,5,0,0,0,8191,2,256,0,0,99,0,0
5014,Fin_Helm,"Fin Helm",5,20,0,300,0,0,2,0,0,0,130,2,512,0,65,100,0,0
5015,Egg_Shell,"Egg Shell",5,20,0,200,0,0,3,0,0,0,8191,2,256,0,0,101,0,0
5016,Boy's_Cap,"Boy's Cap",5,20,0,100,0,0,2,0,0,0,8191,2,256,0,0,102,0,0
5017,Bone_Helm,"Bone Helm",5,20,0,800,0,0,7,0,0,0,2210,2,256,0,70,103,0,0
5018,Feather_Bonnet,"Feather Bonnet",5,20,0,300,0,0,4,0,0,0,520,2,256,0,0,104,0,0
5019,Corsair,Corsair,5,20,0,500,0,0,5,0,0,0,8191,2,256,0,0,105,0,0
5020,Kafra_Hairband,"kafra Hairband",5,10,0,500,0,0,3,3,0,0,2088959,2,256,0,0,106,0,0
5021,Money_Lose_Hat,"Cash Bag",5,0,0,1200,0,0,4,0,0,0,263200,2,256,0,38,107,0,0
5022,Solar_Hat,"Solar God Helm",5,0,0,1200,0,0,4,0,0,0,2088959,2,768,0,0,138,0,0
5023,Bundle,Bundle,5,0,0,1000,0,0,0,0,0,0,263200,2,256,0,0,108,0,0
5024,Cake_Hat,"Cake Hat",5,0,0,1500,0,0,1,0,0,0,2088958,2,256,0,0,109,0,0
5025,Angel_Pitch,"Angel Helm",5,0,0,1600,0,0,5,3,0,0,2088958,2,256,0,74,110,0,0
5026,Chef_Hat,"Chef Helm",5,0,0,300,0,0,1,0,0,0,2088958,2,256,0,50,111,0,0
5027,Magic_Instructor's_Hat,"Magic Instructor's Hat",5,0,0,300,0,0,5,0,0,0,260,2,256,0,0,112,0,0
5028,Candlelight,Candlelight,5,0,0,150,0,0,5,0,0,0,2088959,2,256,0,0,113,0,0
5029,Spore_Hat,"Spore Hat",5,0,0,900,0,0,3,0,0,0,2088959,2,256,0,20,114,0,0
5030,Panda_Hat,"Panda Hat",5,0,0,800,0,0,3,0,0,0,2088959,2,256,0,40,115,0,0
5031,Miner's_Helmet,"Miner's Helmet",5,0,0,1500,0,0,4,0,0,0,2088959,2,256,0,55,116,0,0
5032,Outing_Hat,"Sunshine Hat",5,0,0,800,0,0,1,0,0,0,2088959,2,256,0,0,117,0,0
5033,Smokie_Hat,"Smokie Hat",5,0,0,900,0,0,3,0,0,0,2088959,2,256,0,50,118,0,0
5034,Bulb_Band,"Bulb Band",5,0,0,500,0,0,0,0,0,0,2088959,2,256,0,0,119,0,0
5035,Poring_Hat,"Poring Hat",5,0,0,700,0,0,2,0,0,0,2088959,2,256,0,38,120,0,0
5036,Cross_Headbelt,"Cross Headband",5,0,0,250,0,0,1,0,0,0,2088959,2,256,0,10,121,0,0
5037,Fruit_Shell,"Apple Hat",5,0,0,150,0,0,4,0,0,0,2088959,2,256,0,5,122,0,0
5038,Deviruchi_Hat,Deviurchi_Hat,5,0,0,800,0,0,2,0,0,0,2088959,2,256,0,64,123,0,0
5039,Mottled_Eggshell,"Spotted Eggshell",5,0,0,400,0,0,4,0,0,0,2088959,2,256,0,19,124,0,0
5040,Ley,"Innocence of Maiden",5,0,0,100,0,0,0,0,0,0,2088959,2,512,0,0,125,0,0
5041,Heart_Hairpin,"Heat Hairpin",5,0,0,100,0,0,0,0,0,0,2088959,2,512,0,0,126,0,0
5042,Chunlee_Hat,"Dumpling Decoration",5,0,0,150,0,0,0,0,0,0,2088959,2,256,0,14,127,0,0
5043,Opera_Ghost_Mask,"Opera Ghost Mask",5,0,0,200,0,0,1,0,0,0,2088959,2,512,0,20,128,0,0
5044,Wing_Of_Demon,"Wing of Demon",5,0,0,350,0,0,2,0,0,0,2088959,2,256,0,45,129,0,0
5045,Magic_Hat,"Magic Hat",5,0,0,500,0,0,3,0,0,0,2088959,2,256,0,50,130,0,0
5046,Bongun_Hat,"Bongun Hat",5,0,0,300,0,0,5,0,0,0,2088959,2,769,0,0,139,0,0
5047,Fashion_Sunglasses,"Fashion Sunglasses",5,0,0,100,0,0,0,0,0,0,2088959,2,256,0,0,131,0,0
5048,Cresent_Pin,Cresent_Pin,5,0,0,100,0,0,0,0,0,0,2088959,2,256,0,0,132,0,0
5049,Striped_Bandana,"Striped Bandana",5,0,0,150,0,0,1,0,0,0,2088959,2,256,0,0,133,0,0
5050,Mysterious_Fruit_Shell,"Mysterious Apple Hat",5,0,0,300,0,0,5,0,0,0,2088959,2,256,0,30,134,0,0
5051,Cat_Drop,Hat,5,0,0,100,0,0,5,0,0,0,2088959,2,1,0,0,135,0,0
5052,Blue_Bandana,"Blue Bandana",5,0,0,150,0,0,1,0,0,0,2088959,2,256,0,0,136,0,0
5053,Sphinx_Hat,"Sphinx Hat",5,0,0,3000,0,0,5,0,0,0,16514,2,769,0,0,137,0,0
5054,Assassin_Mask,"Assassin Mask",5,20,10,100,0,0,2,0,0,0,4096,2,1,0,70,180,0,0
5055,Eggshell_For_Novice,"Eggshell for Novice",5,1,1,10,0,0,2,0,0,0,8388609,2,256,0,1,101,0,0
5056,Fruit_of_Love,"Fruit of Love",5,20,10,100,0,0,2,0,0,0,4096,2,1,0,70,140,0,0
5057,Black_Cat_Ears,"Black Cat Ears",5,20,10,200,0,0,2,0,0,0,2088959,2,256,0,45,141,0,0
5058,Drooped_Cat,"Drooped Cat",5,20,10,500,0,0,1,15,0,0,2088959,2,256,0,1,142,0,0
5059,Bear_Hat,"Bear Hat",5,20,10,800,0,0,3,0,0,0,2088959,2,256,0,50,143,0,0
5060,Party_Hat,"Party Hat",5,20,10,300,0,0,3,0,0,0,2088959,2,256,0,50,144,0,0
5061,Flower_Hairpin,"Flower Hairpin",5,20,10,100,0,0,1,0,0,0,2088959,2,256,0,1,145,0,0
5062,Straw_Hat,"Straw Hat",5,20,10,200,0,0,3,0,0,0,2088959,2,256,0,50,146,0,0
5063,Band-aid,Band-aid,5,20,10,100,0,0,1,0,0,0,2088958,2,256,0,1,147,0,0
5064,Transformation_Leaf,"Transformation Leaf",5,20,10,100,0,0,1,0,0,0,2088959,2,256,0,1,148,0,0
5065,Green_Fresh_Fish,"Green Fresh Fish",5,20,10,500,0,0,2,0,0,0,2088959,2,256,0,50,149,0,0
5066,Succubus_Horns,"Succubus Horns",5,20,10,800,0,0,4,10,0,0,2088958,2,256,0,70,150,0,0
5067,Sombrero,Sombrero,5,20,10,350,0,0,4,0,0,0,2088958,2,256,0,1,151,0,0
5068,Ear-wing_of_Demon,"Ear-wing of Demon",5,20,10,100,0,0,1,0,0,0,2088959,2,512,0,70,152,0,0
5069,Fox_Mask,"Fox Mask",5,20,10,300,0,0,1,0,0,0,2088958,2,256,0,1,153,0,0
5070,Burning_Blood_Bandana,"Burning Blood Bandana",5,20,10,100,0,0,1,0,0,0,2088958,2,256,0,1,154,0,0
5071,Indian_Headband,"Indian Headband",5,20,10,200,0,0,1,0,0,0,2088958,2,256,0,1,155,0,0
5072,Incubus_Horns,"Incubus Horns",5,20,10,800,0,0,4,10,0,0,2088958,2,256,0,70,156,0,0
5073,Teacher's_Pet,"Teacher's Pet",5,20,10,700,0,0,2,0,0,0,2088958,2,256,0,1,157,0,0
5074,Ear-wing_of_Angel,"Ear-wing of Angel",5,20,10,100,0,0,1,0,0,0,2088959,2,512,0,70,158,0,0
5075,Cowboy_Hat,"Cowboy Hat",5,20,10,500,0,0,4,0,0,0,2088959,2,256,0,1,159,0,0
5076,Wool_Hat,"Wool Hat",5,20,10,350,0,0,2,0,0,0,2088959,2,256,0,1,160,0,0
5077,Tulip_Hairpin,"Tulip Hairpin",5,20,10,100,0,0,1,0,0,0,2088959,2,256,0,1,161,0,0
5078,Sea_Otter_Hat,"Sea Otter Hat",5,20,10,800,0,0,3,0,0,0,2088959,2,256,0,50,162,0,0
5079,Cross-Shaped_Hairpin,"Cross-Shaped Hairpin",5,20,10,100,0,0,1,0,0,0,2088959,2,256,0,1,163,0,0
5080,Queen's_Crown,"Queen's Crown",5,20,10,400,0,0,4,0,0,0,2088959,2,256,0,45,164,0,0
5081,Crown_of_Mistress,"Crown of Mistress",5,20,10,100,0,0,1,0,0,0,2088958,0,256,0,75,165,0,0
5082,Mushroom_Headband,"Mushroom Headband",5,20,10,100,0,0,2,0,0,0,2088959,2,256,0,1,166,0,0
5083,Ribbon_of_Deep-Red,"Ribbon of Deep-Red",5,20,10,200,0,0,1,10,0,0,2088959,0,256,0,45,167,0,0
5084,Annoying_Racoon_Hat,"Annoying Racoon Hat",5,20,10,500,0,0,1,0,0,0,2088958,2,256,0,1,168,0,0
5085,Tiny_Ribbons,"Tiny Ribbons",5,20,10,100,0,0,1,0,0,0,2088959,0,512,0,45,169,0,0
5086,Alarm_Mask,"Alarm Mask",5,20,10,100,0,0,2,0,0,0,2088959,2,513,0,1,170,0,0
5087,Expressionless_Mask,"Expressionless Mask",5,20,10,100,0,0,2,0,0,0,2088959,2,513,0,1,171,0,0
5088,Surprised_Mask,"Surprised Mask",5,20,10,100,0,0,2,0,0,0,2088959,2,513,0,1,172,0,0
5089,Annoyed_Mask,"Annoyed Mask",5,20,10,100,0,0,2,0,0,0,2088959,2,513,0,1,173,0,0
5090,Goblin_Leader_Mask,"Goblin Leader Mask",5,20,10,100,0,0,2,0,0,0,2088959,2,513,0,1,174,0,0
5091,Golden_Bells,"Golden Bells",5,20,10,200,0,0,2,0,0,0,2088958,2,768,0,35,175,0,0
5092,Nun_Hat,"Nun Hat",5,150000,10,300,0,0,5,0,0,0,5120,2,768,0,65,177,0,0
5093,Nun_Hat_,"Nun Hat",5,20,10,300,0,0,5,0,0,1,5120,2,768,0,65,177,0,0
5094,Ork_Hero_Helmet,"Ork Hero Helmet",5,20,10,900,0,0,5,0,0,0,2088958,2,768,0,55,178,0,0
5096,Assassin's_Mask_,"Assassin's Mask",5,20,10,100,0,0,2,0,0,0,4096,2,1,0,70,180,0,0
5097,Two_Year_Anniversary_Hat,"Two Year Anniversary Hat",5,20,10,300,0,0,3,0,0,0,2088959,2,256,0,50,144,0,0
5098,Tiger_Mask,"Tiger Mask",5,20,10,40,0,0,2,0,0,0,2088959,2,256,0,50,181,0,0
5099,Neko_Mimi,"Neko MImi",5,20,0,30,0,0,1,10,0,0,14671871,2,256,0,0,182,0,0
5100,Sale_Sign,"Sale Sign",5,20,10,800,0,0,4,0,0,0,2088958,2,256,0,75,183,0,0
5101,Takius_Blindfold,"Takius Blindfold",5,20,10,800,0,0,4,0,0,0,2088958,2,256,0,75,184,0,0
5102,Round_Eyes,"Round Eyes",5,20,10,800,0,0,4,0,0,0,2088958,2,256,0,75,185,0,0
5103,Sunflower_Pin,"Sunflower Pin",5,20,10,800,0,0,4,0,0,0,2088958,2,256,0,75,186,0,0
5104,Black_Blindfold,"Black Blindfold",5,20,10,800,0,0,4,0,0,0,2088958,2,256,0,75,187,0,0
5105,2nd_Annual_Commemoration_Hat,"2nd Annual Commemoration Hat",5,20,10,800,0,0,4,0,0,0,2088958,2,256,0,75,188,0,0
5106,2nd_Annual_Commemoration_Hat_,"2nd Annual Commemoration Hat",5,20,10,800,0,0,4,0,0,0,2088958,2,256,0,75,189,0,0
9001,Poring_Egg,Poring_Egg,4,20,0,0,0,0,0,0,0,0,0,0,0,0,0,0,0,122
9002,Drops_Egg,Drops_Egg,4,20,0,0,0,0,0,0,0,0,0,0,0,0,0,0,0,122
9003,Poporing_Egg,Poporing_Egg,4,20,0,0,0,0,0,0,0,0,0,0,0,0,0,0,0,122
9004,Lunatic_Egg,Lunatic_Egg,4,20,0,0,0,0,0,0,0,0,0,0,0,0,0,0,0,122
9005,Picky_Egg,Picky_Egg,4,20,0,0,0,0,0,0,0,0,0,0,0,0,0,0,0,122
9006,Chonchon_Egg,Chonchon_Egg,4,20,0,0,0,0,0,0,0,0,0,0,0,0,0,0,0,122
9007,Steel_Chonchon_Egg,Steel_Chonchon_Egg,4,20,0,0,0,0,0,0,0,0,0,0,0,0,0,0,0,122
9008,Hunter_Fly_Egg,Hunter_Fly_Egg,4,20,0,0,0,0,0,0,0,0,0,0,0,0,0,0,0,122
9009,Savage_Bebe_Egg,Savage_Bebe_Egg,4,20,0,0,0,0,0,0,0,0,0,0,0,0,0,0,0,122
9010,Baby_Desert_Wolf_Egg,Baby_Desert_Wolf_Egg,4,20,0,0,0,0,0,0,0,0,0,0,0,0,0,0,0,122
9011,Rocker_Egg,Rocker_Egg,4,20,0,0,0,0,0,0,0,0,0,0,0,0,0,0,0,122
9012,Spore_Egg,Spore_Egg,4,20,0,0,0,0,0,0,0,0,0,0,0,0,0,0,0,122
9013,Poison_Spore_Egg,Poison_Spore_Egg,4,20,0,0,0,0,0,0,0,0,0,0,0,0,0,0,0,122
9014,PecoPeco_Egg,PecoPeco_Egg,4,20,0,0,0,0,0,0,0,0,0,0,0,0,0,0,0,122
9015,Smokie_Egg,Smokie_Egg,4,20,0,0,0,0,0,0,0,0,0,0,0,0,0,0,0,122
9016,Yoyo_Egg,Yoyo_Egg,4,20,0,0,0,0,0,0,0,0,0,0,0,0,0,0,0,122
9017,Orc_Warrior_Egg,Orc_Warrior_Egg,4,20,0,0,0,0,0,0,0,0,0,0,0,0,0,0,0,122
9018,Munak_Egg,Munak_Egg,4,20,0,0,0,0,0,0,0,0,0,0,0,0,0,0,0,122
9019,Dokkaebi_Egg,Dokkaebi_Egg,4,20,0,0,0,0,0,0,0,0,0,0,0,0,0,0,0,122
9020,Sohee_Egg,Sohee_Egg,4,20,0,0,0,0,0,0,0,0,0,0,0,0,0,0,0,122
9021,Isis_Egg,Isis_Egg,4,20,0,0,0,0,0,0,0,0,0,0,0,0,0,0,0,122
9022,Green_Petite_Egg,Green_Petite_Egg,4,20,0,0,0,0,0,0,0,0,0,0,0,0,0,0,0,122
9023,Deviruchi_Egg,Deviruchi_Egg,4,20,0,0,0,0,0,0,0,0,0,0,0,0,0,0,0,122
9024,Bapho_Jr._Egg,Bapho_Jr._Egg,4,20,0,0,0,0,0,0,0,0,0,0,0,0,0,0,0,122
9025,Bongun_Egg,Bongun_Egg,4,20,0,0,0,0,0,0,0,0,0,0,0,0,0,0,0,122
9026,Zealotus_Egg,Zealotus_Egg,4,20,0,0,0,0,0,0,0,0,0,0,0,0,0,0,0,122
9027,Alice_Egg,Alice_Egg,4,20,0,0,0,0,0,0,0,0,0,0,0,0,0,0,0,122
10001,Skull_Helm,Skull_Helm,4,20,0,0,0,0,0,0,0,0,2088959,2,0,0,0,0,0,123
10002,Monster_Oxygen_Mask,Monster_Oxygen_Mask,4,20,0,0,0,0,0,0,0,0,2088959,2,0,0,0,0,0,123
10003,Transparent_Headgear,Transparent_Headgear,4,20,0,0,0,0,0,0,0,0,2088959,2,0,0,0,0,0,123
10004,Pacifier,Pacifier,4,20,0,0,0,0,0,0,0,0,2088959,2,0,0,0,0,0,123
10005,Wig,Wig,4,20,0,0,0,0,0,0,0,0,2088959,2,0,0,0,0,0,123
10006,Queen's_Hair_Ornament,Queen's_Hair_Ornament,4,20,0,0,0,0,0,0,0,0,2088959,2,0,0,0,0,0,123
10007,Silk_Ribbon,Silk_Ribbon,4,20,0,0,0,0,0,0,0,0,2088959,2,0,0,0,0,0,123
10008,Punisher,Punisher,4,20,0,0,0,0,0,0,0,0,2088959,2,0,0,0,0,0,123
10009,Wild_Flower,Wild_Flower,4,20,0,0,0,0,0,0,0,0,2088959,2,0,0,0,0,0,123
10010,Battered_Pot,Battered_Pot,4,20,0,0,0,0,0,0,0,0,2088959,2,0,0,0,0,0,123
10011,Stellar_Hairpin,Stellar_Hairpin,4,20,0,0,0,0,0,0,0,0,2088959,2,0,0,0,0,0,123
10012,Tiny_Egg_Shell,Tiny_Egg_Shell,4,20,0,0,0,0,0,0,0,0,2088959,2,0,0,0,0,0,123
10013,Backpack,Backpack,4,1500,0,0,0,0,0,0,0,0,2088959,2,0,0,0,0,0,123
10014,Rocker_Glasses,Rocker_Glasses,4,2000,0,0,0,0,0,0,0,0,2088959,2,0,0,0,0,0,123
10015,Green_Lace,Green_Lace,4,20,0,0,0,0,0,0,0,0,2088959,2,0,0,0,0,0,123
10016,Golden_Bell,Golden_Bell,4,20,0,0,0,0,0,0,0,0,2088959,2,0,0,0,0,0,123
10017,Bark_Shorts,Bark_Shorts,4,20,0,0,0,0,0,0,0,0,2088959,2,0,0,0,0,0,123
10018,Monkey_Circlet,Monkey_Circlet,4,20,0,0,0,0,0,0,0,0,2088959,2,0,0,0,0,0,123
10019,Red_Muffler,Red_Muffler,4,20,0,0,0,0,0,0,0,0,2088959,2,0,0,0,0,0,123
10020,Spiritual_Sword,Spiritual_Sword,4,20,0,0,0,0,0,0,0,0,2088959,2,0,0,0,0,0,123