ID,Name,"Display name",LV,HP,SP,exp,jexp,aRan,atk1,atk2(atk1+atk2),def,mdef,str,agi,vit,int,dex,luk,Range2(as),Range3(es),scale,race,Element(property),mode,Mspeed,aDelay(rechargeTime),aMotion(attackMT),dMotion(attackedMT)
1001,SCORPION,Scorpion,24,1109,0,287,176,1,80,135,30,0,1,24,24,5,52,5,10,12,0,4,23,21,200,1564,864,576
1002,PORING,Poring,1,50,0,2,1,1,7,10,0,5,1,1,1,1,6,1,10,12,1,3,21,3,400,1872,672,480
1003,THIEF_BUG_EGG_1,"Thief Bug Egg",4,48,0,8,4,0,13,17,0,0,1,6,4,0,14,20,10,12,0,4,27,0,1000,701,1,1
1004,HORNET,Hornet,8,169,0,19,15,1,22,27,5,5,1,20,8,10,17,10,10,12,0,4,24,9,150,1292,792,216
1005,FAMILIAR,Farmiliar,8,155,0,28,15,1,20,28,0,0,1,12,8,5,28,5,10,12,0,2,27,5,150,1276,576,384
1006,THIEF_BUG_1,"Thief Bug",6,126,0,17,5,1,18,24,5,0,1,6,6,0,11,0,10,12,0,0,60,11,150,1288,288,768
1007,FABRE,Fabre,2,63,0,3,2,1,7,10,0,0,1,2,4,1,7,1,10,12,0,4,22,1,400,1672,672,480
1008,PUPA,Pupa,2,427,0,2,4,0,1,2,0,20,1,1,1,1,1,1,10,12,0,4,22,0,1000,1001,1,1
1009,CONDOR,Condor,5,92,0,6,5,1,11,14,0,0,1,13,5,1,13,1,10,12,1,2,24,1,150,1148,648,480
1010,WILLOW,Willow,4,95,0,5,4,1,9,12,5,15,1,4,8,30,9,30,10,12,1,3,22,1,200,1672,672,432
1011,CHONCHON,Chonchon,4,67,0,5,4,1,10,13,10,0,1,10,4,5,12,5,10,12,0,4,24,1,200,1076,576,480
1012,RODA_FROG,"Roda Frog",5,133,0,6,5,1,11,14,0,5,1,5,5,5,10,5,10,12,1,5,21,1,200,2016,816,288
1013,WOLF,Wolf,12,405,0,45,32,1,37,46,0,0,1,12,24,15,30,15,10,12,1,2,22,9,200,1054,54,432
1014,SPORE,Spore,9,327,0,22,17,1,24,29,0,5,1,9,9,1,14,1,10,12,1,3,21,1,200,1872,672,288
1015,ZOMBIE,Zombie,15,534,0,50,33,1,67,79,0,10,1,8,7,1,15,1,10,12,1,1,29,5,400,2612,912,288
1016,ARCHER_SKELETON,"Archer Skeleton",31,3040,0,483,283,9,128,153,0,0,1,8,14,5,90,5,10,12,1,1,29,5,300,2864,864,576
1017,FEMALE_THIEF_BUG,"Female Thief Bug",10,170,0,35,18,1,33,40,5,5,1,15,10,5,23,5,10,12,1,4,27,11,200,988,288,768
1018,CREAMY,Creamy,16,595,0,105,70,1,53,64,0,30,1,40,16,15,16,15,10,12,0,4,24,1,150,1136,720,840
1019,PECOPECO,Pecopeco,13,531,0,85,36,1,35,46,0,0,1,13,13,25,27,25,10,12,2,2,23,9,200,1564,864,576
1020,MANDRAGORA,Mandragora,12,405,0,45,32,4,26,35,0,25,1,12,24,1,36,1,10,12,1,3,62,4,1000,1768,768,576
1021,MALE_THIEF_BUG,"Male Thief Bug",19,583,0,223,93,1,76,88,15,5,1,29,16,5,36,0,10,12,1,4,27,13,300,988,288,768
1022,WERE_WOLF,"Were Wolf",80,28600,0,11813,7289,1,2560,3280,65,35,1,97,60,1,135,1,10,10,2,0,40,53,200,1500,768,652
1023,ORC_WARRIOR,"Orc Warrior",24,1400,0,261,160,1,104,126,10,5,1,24,48,25,34,25,10,12,1,7,22,5,200,1864,864,288
1024,WORM_TAIL,"Worm Tail",14,426,0,59,40,2,42,51,5,10,1,14,28,5,46,5,10,12,1,3,22,17,200,1048,48,192
1025,SNAKE,Snake,15,471,0,72,48,1,46,55,0,0,1,15,15,10,35,10,10,12,1,2,22,1,200,1576,576,576
1026,MUNAK,Munak,30,2872,0,361,218,1,180,230,0,0,1,15,20,5,46,5,10,12,1,1,29,5,200,2468,768,288
1027,RAPTICE,Raptice,17,600,0,100,55,1,0,0,5,10,5,20,20,0,28,0,10,12,1,2,22,3,400,1872,672,480
1028,OLDIER_SKELETON,"Soldier Skeleton",29,2334,0,372,226,1,221,245,10,15,1,15,22,5,40,5,10,12,1,1,29,5,200,2276,576,432
1029,ISIS,Isis,43,4828,0,2396,993,1,423,507,10,35,1,65,43,30,72,30,10,12,2,6,27,21,200,1384,768,336
1030,ANACONDAQ,Anacondaq,23,1109,0,300,149,1,124,157,0,0,1,23,28,10,36,10,10,12,1,2,25,17,200,1576,576,576
1031,POPORING,Poporing,14,344,0,81,44,1,59,72,0,10,1,14,14,1,19,1,10,12,1,3,25,3,300,1672,672,480
1032,VERIT,Verit,38,5272,0,835,517,1,389,469,0,5,1,19,38,1,38,1,10,12,1,1,29,3,250,2468,768,480
1033,ELDER_WILLOW,"Elder Willow",20,693,0,163,101,1,58,70,10,30,1,20,25,35,38,35,10,12,1,3,43,5,200,1372,672,432
1034,THARA_FROG,"Thara Frog",22,2152,0,219,138,1,105,127,0,10,1,22,22,5,34,5,10,12,1,5,41,1,200,2016,816,288
1035,HUNTER_FLY,"Hunter Fly",42,5242,0,1517,952,1,246,333,25,15,1,105,32,15,72,15,10,12,0,4,44,5,150,676,576,480
1036,GHOUL,Ghoul,39,5118,0,882,541,1,420,500,5,20,1,20,29,1,33,1,10,12,1,1,49,5,250,2456,912,504
1037,SIDE_WINDER,"Side Winder",43,4929,0,1996,993,1,240,320,5,10,1,43,40,15,115,15,10,12,1,2,25,21,200,1576,576,576
1038,OSIRIS,Osiris,78,415400,0,71500,28600,1,780,2880,10,25,1,75,62,37,86,37,10,10,1,1,89,53,100,1072,672,384
1039,BAPHOMET,Baphomet,81,668000,0,107250,37895,2,3220,4040,35,45,1,152,96,85,120,85,10,10,2,6,67,53,100,1068,768,576
1040,GOLEM,Golem,25,3900,0,465,94,1,175,187,40,0,1,15,25,0,15,0,10,12,2,0,60,17,300,1608,816,396
1041,MUMMY,Mummy,37,5176,0,488,314,1,305,360,0,10,1,19,32,0,63,0,10,12,1,1,49,5,300,1772,72,384
1042,STEEL_CHONCHON,"Steel Chonchon",17,530,0,109,71,1,54,65,15,0,1,43,17,5,33,5,10,12,0,4,24,11,150,1076,576,480
1043,SEAHORSE,"Sea Horse",18,1452,0,122,78,1,100,150,15,7,1,1,1,1,1,1,10,12,0,5,22,3,400,1872,672,480
1044,OBEAUNE,Obeaune,31,3952,0,644,407,1,141,165,0,40,1,31,31,55,74,55,10,12,1,5,41,21,200,1872,672,288
1045,MARC,Marc,36,6900,0,988,625,1,220,280,5,10,1,36,36,20,56,20,10,12,1,5,41,5,150,1272,72,480
1046,DOPPELGANGER,Doppelganger,72,249000,0,51480,10725,1,1340,1590,60,35,1,90,90,35,125,35,10,10,1,6,67,53,100,480,480,288
1047,PECOPECO_EGG,"Pecopeco Egg",3,420,0,4,4,0,1,2,20,20,1,1,1,0,1,0,10,12,0,0,60,0,1000,1001,1,1
1048,THIEF_BUG_EGG,"Thief Bug Egg",4,48,0,8,4,0,13,17,20,0,1,6,4,0,14,0,10,12,0,4,27,0,1000,701,1,1
1049,PICKY,Picky,3,80,0,4,3,1,9,12,0,0,1,3,3,5,10,5,10,12,0,2,23,1,200,988,288,168
1050,PICKY_,"Super Picky",4,83,0,5,4,1,8,11,20,0,1,3,3,10,11,10,10,12,0,2,23,1,200,988,288,168
1051,THIEF_BUG,"Thief Bug",6,126,0,17,5,1,18,24,5,0,1,6,6,0,11,0,10,12,0,0,60,11,150,1288,288,768
1052,ROCKER,Rocker,9,198,0,20,16,1,24,29,5,10,1,9,18,10,14,10,10,12,1,4,22,1,200,1864,864,540
1053,THIEF_BUG_,"Thief Bug",10,170,0,35,18,1,33,40,5,5,1,15,10,5,23,5,10,12,1,4,27,11,200,988,288,768
1054,THIEF_BUG__,"Thief Bug",19,583,0,223,93,1,76,88,15,5,1,29,16,5,36,5,10,12,1,4,27,13,300,988,288,768
1055,MUKA,Muka,15,570,0,72,48,1,40,49,5,5,1,15,30,5,20,5,10,12,2,3,22,1,300,1960,960,384
1056,SMOKIE,Smokie,18,641,0,134,86,1,61,72,0,10,1,18,36,25,26,25,10,12,0,2,22,17,200,1576,576,420
1057,YOYO,Yoyo,19,879,0,148,93,1,71,82,0,0,1,24,30,35,32,35,10,12,0,2,22,11,200,1054,54,384
1058,METALLER,Metaller,22,926,0,241,152,1,131,159,15,30,1,22,22,20,49,20,10,12,1,4,23,11,200,1708,1008,540
1059,MISTRESS,Mistress,74,212000,0,39325,27170,1,880,1110,40,60,1,165,60,95,70,95,10,12,0,4,84,53,100,1148,648,300
1060,BIGFOOT,Bigfoot,25,1619,0,310,188,1,198,220,10,0,1,25,55,15,20,15,10,12,2,2,22,1,300,1260,192,192
1061,NIGHTMARE,Nightmare,49,4437,0,1729,1787,1,447,529,0,40,1,74,25,15,64,15,10,12,2,6,68,21,150,1816,816,432
1062,PORING_,"Santa Poring",3,69,0,4,5,1,12,16,0,0,1,14,3,10,12,10,10,12,1,3,26,1,400,1672,672,480
1063,LUNATIC,Lunatic,3,60,0,6,2,1,9,12,0,20,1,3,3,10,8,10,10,12,0,2,60,1,200,1456,456,336
1064,MEGALODON,Megalodon,24,1648,0,215,132,1,155,188,0,15,1,12,24,0,26,0,10,12,1,1,29,1,200,2492,792,432
1065,STROUF,Strouf,40,9952,0,1238,752,1,200,350,5,50,1,40,45,72,43,72,10,12,2,5,61,5,150,1872,672,384
1066,VADON,Vadon,19,1017,0,135,85,1,74,85,20,0,1,19,16,10,36,10,10,12,0,5,21,17,300,1632,432,540
1067,CORNUTUS,Cornutus,23,1620,0,240,149,1,109,131,30,0,1,23,23,5,36,5,10,12,0,5,21,17,200,1248,48,480
1068,HYDRA,Hydra,14,660,0,59,40,7,22,28,0,40,1,14,14,0,40,0,10,12,0,3,41,4,1000,800,432,600
1069,SWORDFISH,Swordfish,30,4299,0,529,319,1,168,199,5,20,1,30,30,41,62,41,10,12,2,5,41,5,200,1968,768,384
1070,KUKRE,Kukre,11,507,0,38,28,1,28,37,15,0,1,11,11,5,16,5,10,12,0,5,21,3,150,1776,576,288
1071,PIRATE_SKELETON,"Pirate Skeleton",25,1676,0,233,142,1,145,178,10,15,1,13,25,5,25,5,10,12,1,1,29,5,200,1754,554,288
1072,KAHO,Kaho,24,1141,0,287,176,1,128,156,0,50,1,24,24,25,44,25,10,12,1,6,83,5,200,1700,1000,500
1073,CRAB,Crab,20,2451,0,163,101,1,71,81,35,0,1,20,15,1,36,1,7,12,0,5,21,17,200,992,792,360
1074,SHELLFISH,Shellfish,15,920,0,66,44,1,35,42,35,0,1,12,8,1,32,1,10,12,0,5,21,17,200,864,864,384
1075,TURTLE,Turtle,3,77,0,0,0,1,1,2,35,0,1,1,1,1,1,1,7,12,0,5,22,1,200,500,500,500
1076,SKELETON,Skeleton,10,234,0,18,14,1,39,47,10,5,1,5,10,1,12,1,10,12,1,1,29,17,200,2228,528,576
1077,POISON_SPORE,"Poison Spore",19,665,0,186,93,1,89,101,0,0,1,19,25,1,24,1,10,12,1,3,25,5,200,1672,672,288
1078,RED_PLANT,"Red Plant",1,10,0,0,0,0,1,2,100,99,1,1,1,1,1,1,7,12,0,3,22,0,2000,1,1,1
1079,BLUE_PLANT,"Blue Plant",1,10,0,0,0,0,1,2,100,99,1,1,1,1,1,1,7,12,0,3,22,0,2000,1,1,1
1080,GREEN_PLANT,"Green Plant",1,10,0,0,0,0,1,2,100,99,1,1,1,1,1,1,7,12,0,3,22,0,2000,1,1,1
1081,YELLOW_PLANT,"Yellow Plant",1,10,0,0,0,0,1,2,100,99,1,1,1,1,1,1,7,12,0,3,22,0,2000,1,1,1
1082,WHITE_PLANT,"White Plant",1,10,0,0,0,0,1,2,100,99,1,1,1,1,1,1,7,12,0,3,22,0,2000,1,1,1
1083,SHINING_PLANT,"Shining Plant",1,20,0,0,0,0,1,2,100,99,1,1,1,1,1,1,7,12,0,3,26,0,2000,1,1,1
1084,BLACK_MUSHROOM,"Black Mushroom",1,15,0,0,0,0,1,2,100,99,1,1,1,1,1,1,7,12,0,3,22,0,2000,1,1,1
1085,RED_MUSHROOM,"Red Mushroom",1,15,0,0,0,0,1,2,100,99,1,1,1,1,1,1,7,12,0,3,22,0,2000,1,1,1
1086,GOLDEN_BUG,"Golden Thief Bug",64,126000,0,14300,7150,1,870,1145,60,45,1,75,35,45,85,45,10,12,2,4,43,11,100,768,768,480
1087,ORC_HERO,"Orc Hero",77,295700,0,58630,32890,1,2257,2542,40,45,1,91,99,70,105,70,10,10,2,7,42,53,150,1678,780,648
1088,VOCAL,Vocal,18,3016,0,110,88,1,71,82,10,30,1,28,26,30,53,30,10,10,1,4,22,21,200,1080,648,480
1089,TOAD,Toad,10,5065,0,100,50,1,26,32,0,0,1,5,10,10,10,10,10,10,1,5,21,21,200,1236,336,432
1090,MASTERING,Mastering,2,2415,0,30,10,1,18,24,0,10,1,2,2,0,17,0,10,10,1,3,21,21,300,1072,672,480
1091,DRAGON_FLY,"Dragon Fly",8,2400,0,88,44,1,22,27,40,0,1,20,8,15,17,15,10,10,0,4,24,21,100,1076,576,480
1092,VAGABOND_WOLF,"Vagabond Wolf",24,12240,0,247,176,1,135,159,10,0,1,45,48,20,50,20,10,10,1,2,22,21,150,1048,648,432
1093,ECLIPSE,Eclipse,6,1800,0,60,55,1,20,26,0,40,1,36,6,0,11,0,10,10,0,2,60,21,200,1456,456,336
1094,AMBERNITE,Ambernite,13,495,0,57,38,1,39,46,30,0,1,13,13,5,18,5,10,12,2,4,21,17,400,2048,648,648
1095,ANDRE,Andre,17,688,0,109,71,1,60,71,10,0,1,17,24,20,26,20,10,12,0,4,22,11,300,1288,288,384
1096,ANGELING,Angeling,20,55000,0,163,144,1,120,195,0,70,1,50,20,75,68,75,10,10,1,8,86,21,200,1272,672,672
1097,ANT_EGG,"Ant Egg",4,420,0,5,4,0,1,2,20,20,1,1,1,1,1,1,10,12,0,0,60,0,1000,1001,1,1
1098,ANUBIS,Anubis,55,12359,0,2906,2700,1,688,812,0,45,1,69,55,75,95,75,10,12,1,8,26,53,200,2000,1000,500
1099,ARGIOPE,Argiope,41,4382,0,1797,849,1,395,480,30,0,1,41,31,10,56,10,10,12,2,4,25,53,300,1792,792,336
1100,ARGOS,Argos,25,1117,0,388,188,1,158,191,15,0,1,25,25,5,32,5,10,12,2,4,25,21,300,1468,468,768
1101,BAPHOMET_,"Baphomet Jr",50,8578,0,2706,1480,1,487,590,15,25,1,75,55,1,93,1,10,12,0,6,27,53,100,868,480,120
1102,BATHORY,Bathory,44,5415,0,2503,1034,1,198,398,0,60,1,76,24,85,65,85,10,12,1,7,27,53,100,1504,840,900
1103,CARAMEL,Caramel,23,1424,0,264,162,1,90,112,5,5,1,23,46,5,38,5,10,12,0,2,22,17,200,1604,840,756
1104,COCO,Coco,17,817,0,120,78,1,56,67,0,0,1,17,34,20,24,20,10,12,0,2,22,17,150,1864,864,1008
1105,DENIRO,Deniro,19,760,0,135,85,1,68,79,15,0,1,19,30,20,43,20,10,12,0,4,22,11,150,1288,288,576
1106,DESERT_WOLF,"Desert Wolf",27,1716,0,427,266,1,169,208,0,10,1,27,45,15,56,15,10,12,1,2,23,13,200,1120,420,288
1107,BABY_DESERT_WOLF,"Desert Wolf Pup",9,164,0,20,16,1,30,36,0,0,1,9,9,5,21,5,10,12,0,2,23,9,300,1600,900,240
1108,DEVIACE,Deviace,47,19192,0,2105,1329,1,514,674,10,20,1,47,62,48,62,48,10,12,1,5,81,17,400,1680,480,384
1109,DEVIRUCHI,Deviruchi,46,7360,0,2662,1278,1,475,560,10,25,1,69,40,55,87,55,10,12,0,6,27,53,150,980,600,384
1110,DOKEBI,Dokebi,33,2697,0,889,455,1,197,249,0,10,1,50,40,35,69,35,10,12,0,6,27,17,250,1156,456,384
1111,DRAINLIAR,Drainliar,24,1162,0,431,176,1,74,84,0,0,1,36,24,1,78,1,10,12,0,2,47,21,250,1276,576,384
1112,DRAKE,Drake,70,326666,0,28600,22880,1,1800,2100,20,35,1,80,49,75,79,75,10,12,1,1,29,53,400,620,420,360
1113,DROPS,Drops,3,55,0,4,3,1,10,13,0,0,1,3,3,1,12,1,10,12,1,3,23,3,400,1372,672,480
1114,DUSTINESS,Dustiness,21,1044,0,218,140,1,80,102,0,10,1,53,17,1,38,1,10,12,0,4,44,17,150,1004,504,384
1115,EDDGA,Eddga,65,152000,0,25025,12870,1,1215,1565,15,15,1,70,85,66,90,66,10,12,2,2,23,53,300,872,1344,432
1116,EGGYRA,Eggyra,24,633,0,215,220,1,85,107,20,25,1,36,24,1,32,1,10,12,1,0,48,17,200,1816,816,288
1117,EVIL_DRUID,"Evil Druid",58,16506,0,2890,1827,1,420,670,5,60,1,29,58,80,68,80,10,12,2,1,89,53,300,2276,576,336
1118,FLORA,Flora,26,2092,0,357,226,3,242,273,10,35,1,26,35,5,43,5,10,12,2,3,22,4,1000,1432,432,576
1119,FRILLDORA,Frilldora,30,2023,0,529,319,1,200,239,0,10,1,30,38,15,53,15,10,12,1,2,23,21,300,1540,720,432
1120,GHOSTRING,Ghostring,18,73300,0,101,108,1,82,122,0,60,1,27,18,45,72,45,10,12,1,6,88,53,300,1220,1080,648
1121,GIEARTH,Giearth,29,2252,0,495,301,1,154,185,10,50,1,29,46,60,64,60,10,12,0,6,22,17,200,1848,1296,432
1122,GOBLIN_1,Goblin,25,1176,0,310,188,1,118,140,10,5,1,53,25,20,38,20,10,12,1,7,24,53,100,1120,620,240
1123,GOBLIN_2,Goblin,24,1034,0,287,176,1,88,100,10,5,1,24,24,15,66,15,10,12,1,7,23,21,150,1320,620,240
1124,GOBLIN_3,Goblin,24,1034,0,357,176,1,132,165,10,5,1,24,24,15,24,15,10,12,1,7,25,13,250,1624,624,240
1125,GOBLIN_4,Goblin,23,1359,0,264,164,1,109,131,10,5,1,23,46,15,36,15,10,12,1,7,22,13,200,1624,624,240
1126,GOBLIN_5,Goblin,22,1952,0,241,152,1,105,127,10,5,1,22,22,15,32,15,10,12,1,7,21,13,300,3074,1874,480
1127,HODE,Hode,26,2282,0,393,248,1,146,177,0,30,1,26,42,5,49,5,10,12,1,2,42,1,200,1480,480,720
1128,HORN,Horn,18,659,0,134,86,1,58,69,10,0,1,18,28,10,47,10,10,12,1,4,22,17,200,1528,528,288
1129,HORONG,Horong,34,1939,0,786,479,1,275,327,99,50,1,34,10,1,50,1,10,12,0,0,83,13,400,1888,1152,828
1130,JAKK,Jakk,38,3581,0,1113,688,1,315,382,5,30,1,38,38,43,75,43,10,12,1,0,43,53,200,1180,480,648
1131,JOKER,Joker,57,12450,0,3706,2362,1,621,738,10,35,1,143,47,75,98,75,10,12,2,7,84,53,100,1364,864,432
1132,KHALITZBURG,Khalitzburg,63,19276,0,4378,2750,1,875,1025,45,10,1,65,48,5,73,5,10,12,2,1,29,53,350,528,1000,396
1133,KOBOLD_1,Kobold,36,3893,0,988,625,1,265,318,15,10,1,90,36,30,52,30,10,12,1,7,44,13,150,1028,528,360
1134,KOBOLD_2,Kobold,31,2179,0,806,407,1,262,324,15,10,1,31,31,20,46,20,10,12,1,7,45,13,200,1528,528,360
1135,KOBOLD_3,Kobold,31,2179,0,644,407,1,186,216,15,10,1,31,31,20,88,20,10,12,1,7,43,13,300,1228,528,360
1136,KOBOLD_4,Kobold,30,3503,0,481,290,1,168,199,15,10,1,30,30,20,50,20,10,12,1,7,41,13,200,2200,1000,500
1137,KOBOLD_5,Kobold,30,2462,0,481,290,1,168,199,15,10,1,30,60,20,45,20,10,12,1,7,42,13,200,2000,1000,500
1138,MAGNOLIA,Magnolia,26,3195,0,393,248,1,120,151,5,30,1,26,26,0,39,0,10,12,0,6,21,3,250,1560,360,360
1139,MANTIS,Mantis,26,2472,0,393,248,1,118,149,10,0,1,26,24,5,45,5,10,12,1,4,22,21,200,1528,660,432
1140,MARDUK,Marduk,40,4214,0,1238,752,1,315,382,0,60,1,40,20,79,78,79,10,12,2,7,23,21,300,1540,840,504
1141,MARINA,Marina,21,2087,0,218,140,1,84,106,0,5,1,21,21,1,36,1,10,12,0,3,41,1,400,2280,1080,864
1142,MARINE_SPHERE,"Marine Sphere",28,3518,0,461,284,1,120,320,0,40,1,28,28,1,33,1,10,12,0,3,21,0,800,1201,1,1
1143,MARIONETTE,Marionette,41,3222,0,1078,1276,1,355,422,0,25,1,62,36,44,69,44,10,12,0,6,68,21,300,1480,480,1056
1144,MARSE,Marse,31,5034,0,586,370,1,211,252,0,5,1,31,25,5,52,5,10,12,0,5,41,17,300,1956,756,528
1145,MARTIN,Martin,18,1109,0,134,86,1,52,63,0,5,1,18,30,15,15,15,10,12,0,2,42,1,300,1480,480,480
1146,MATYR,Matyr,31,2585,0,967,407,1,134,160,0,0,1,47,38,5,64,5,10,12,1,2,27,21,150,432,432,360
1147,MAYA,Maya,81,169000,0,42900,17875,1,1800,2070,60,25,1,97,76,95,82,95,10,12,2,4,82,53,100,864,1000,480
1148,MEDUSA,Medusa,79,22408,0,6876,4697,1,827,1100,48,38,1,74,50,57,77,57,10,12,1,6,40,53,200,2000,1000,500
1149,MINOROUS,Minorous,52,7431,0,2750,1459,1,590,770,15,5,1,42,61,66,52,66,10,12,2,2,43,21,200,1360,960,432
1150,MOONLIGHT,"Moonlight Flower",67,120000,0,27500,14300,1,1200,1700,10,55,1,99,55,82,95,82,10,10,1,6,63,53,150,1276,576,288
1151,MYST,Myst,38,3745,0,1391,688,1,365,445,0,40,1,38,18,1,53,1,10,12,2,0,25,53,200,1576,576,384
1152,ORC_SKELETON,"Orc Skeleton",28,2278,0,315,194,1,190,236,10,10,1,14,18,1,30,1,10,12,1,1,29,5,200,2420,720,648
1153,ORC_ZOMBIE,"Orc Zombie",24,1568,0,196,120,1,151,184,5,10,1,12,24,1,24,1,10,12,1,1,29,5,400,2852,1152,840
1154,PASANA,Pasana,61,8289,0,4087,2135,1,513,682,29,35,1,73,50,61,69,61,10,12,1,7,43,21,200,1700,1000,500
1155,PETIT,Petit,44,6881,0,1677,1034,1,360,427,30,30,1,44,62,69,79,69,10,12,1,9,22,21,200,1624,620,384
1156,PETIT_,Petit,45,5747,0,1758,1075,1,300,355,20,45,1,113,45,69,73,69,10,12,1,9,24,21,150,1420,1080,528
1157,PHARAOH,Pharaoh,93,445997,0,114990,41899,1,2267,3015,67,70,1,93,100,104,89,104,10,12,2,7,67,53,100,2000,1000,500
1158,PHEN,Phen,26,3347,0,357,226,1,138,150,0,15,1,26,26,1,88,1,10,12,1,5,41,17,150,2544,1344,1152
1159,PHREEONI,Phreeoni,69,188000,0,32175,16445,1,880,1530,10,20,1,85,78,35,130,35,10,10,2,2,60,53,200,1020,1020,288
1160,PIERE,Piere,18,733,0,122,78,1,64,75,15,0,1,18,26,20,27,20,10,12,0,4,22,11,200,1288,288,576
1161,PLANKTON,Plankton,10,354,0,23,18,1,26,31,0,5,1,10,10,1,15,1,10,12,0,3,61,1,400,2208,1008,324
1162,RAFFLESIA,Rafflesia,27,1950,0,388,242,1,105,120,20,10,1,27,54,1,76,1,1,1,0,3,22,5,1,100,1,1
1163,RAYDRIC,Raydric,52,8613,0,3410,1795,1,830,930,40,15,1,47,42,5,69,5,10,12,2,7,47,21,150,824,780,420
1164,REQUIEM,Requiem,35,3089,0,800,458,1,220,272,0,15,1,53,35,5,57,5,10,12,1,7,27,5,400,1516,816,432
1165,SAND_MAN,"Sand Man",34,3413,0,810,492,1,180,205,10,25,1,34,58,38,60,38,10,12,1,0,62,5,250,1672,720,288
1166,SAVAGE,Savage,26,2092,0,357,226,1,120,150,10,5,1,26,54,10,37,10,10,12,2,2,42,17,150,1960,960,384
1167,SAVAGE_BABE,"Savage Babe",7,182,0,14,12,1,20,25,0,0,1,7,14,5,12,5,10,12,0,2,22,1,400,1624,624,576
1168,SCORPION_KING,"Scorpion King",50,6354,0,2187,1346,1,500,603,40,10,1,50,47,1,83,1,10,12,2,7,23,17,200,1700,1000,500
1169,SKEL_WORKER,"Skel Worker",30,2872,0,397,240,1,242,288,0,15,1,15,30,5,42,5,10,12,1,1,29,5,400,2420,720,384
1170,SOHEE,Sohee,33,5628,0,739,455,1,210,251,0,10,1,33,33,10,58,10,10,12,1,6,21,17,300,2112,912,576
1171,SOLDIER_ANDRE,"Soldier Andre",22,1245,0,219,138,1,105,127,20,0,1,22,44,20,40,20,10,12,0,4,42,21,200,1001,1,1
1172,SOLDIER_DENIRO,"Soldier Deniro",29,2047,0,450,274,1,162,193,20,0,1,29,58,20,54,20,10,12,0,4,42,21,200,2000,1000,500
1173,SOLDIER_PIERE,"Soldier Piere",23,1217,0,240,149,1,109,131,25,0,1,23,46,20,38,20,10,12,0,4,42,21,200,1001,1,1
1174,STAINER,Stainer,16,538,0,105,70,1,53,64,10,0,1,40,16,5,30,5,10,12,0,4,24,17,200,1688,1188,612
1175,TAROU,Tarou,11,284,0,57,28,1,34,45,0,0,1,20,11,10,24,10,10,12,0,2,27,17,150,1744,1044,684
1176,VITATA,Vitata,20,894,0,163,101,1,69,80,15,20,1,20,25,65,40,65,10,12,0,4,22,17,300,1768,768,384
1177,ZENORC,Zenorc,31,2585,0,967,407,1,188,223,0,15,1,77,15,1,76,1,10,12,1,7,27,3,150,1180,480,360
1178,ZEROM,Zerom,23,1109,0,240,149,1,127,155,0,10,1,23,23,5,42,5,10,12,1,7,23,5,200,1780,1080,432
1179,WHISPER,Whisper,34,1796,0,591,599,1,180,221,0,45,1,51,14,1,60,1,10,12,0,6,68,21,150,1960,960,504
1180,NINE_TAIL,"Nine Tail",51,9466,0,1650,825,1,610,734,10,25,1,80,46,1,89,1,10,12,1,2,63,53,150,840,540,480
1181,ZOMBIE_DRAGON,"Zombie Dragon",1,1000,0,49500,1650,9,7900,9140,0,0,1,145,145,145,130,145,10,12,2,9,89,53,400,2700,1000,500
1182,THIEF_MUSHROOM,"Thief Mushroom",1,15,0,0,0,0,1,2,100,99,1,1,1,1,1,1,7,12,0,3,22,0,2000,1,1,1
1183,CHONCHON_,Chonchon,4,67,0,5,4,1,10,13,10,0,1,10,4,5,12,2,10,12,0,4,24,21,200,1076,576,480
1184,FABRE_,Fabre,1,30,0,1,0,1,4,7,0,0,1,2,1,1,4,5,10,12,0,4,22,5,400,1672,672,480
1185,WHISPER_,Whisper,34,1796,0,537,545,1,198,239,0,45,1,51,14,1,60,1,10,12,0,1,28,0,150,1960,960,504
1186,WHISPER_BOSS,"Whisper Boss",34,5040,0,537,545,1,198,239,0,45,1,51,14,1,60,1,10,12,0,6,48,53,250,2536,1536,672
1187,SWITCH,Switch,1,2,0,1,1,1,1,2,0,0,1,1,1,0,1,0,1,12,1,0,20,0,1,1,1,1
1188,BON_GUN,Bongun,32,3520,0,424,242,1,220,260,0,0,1,15,36,10,48,10,10,12,1,1,29,5,200,1720,500,420
1189,ORC_ARCHER,"Orc Archer",49,7440,0,1729,1787,9,310,390,10,5,1,44,25,20,125,20,10,12,1,7,22,21,300,1960,620,480
1190,ORC_LORD,"Orc Lord",74,393000,0,62205,8580,1,2700,3150,40,5,1,82,149,70,110,70,10,12,2,7,82,53,100,1248,500,360
1191,MIMIC,Mimic,51,6120,0,165,165,1,150,900,10,40,1,121,1,60,75,60,10,12,1,0,60,21,100,972,500,288
1192,WRAITH,Wraith,53,10999,0,2199,1099,1,580,760,5,30,1,95,30,75,95,75,10,12,2,1,89,53,300,1816,576,240
1193,ALARM,Alarm,58,10647,0,3987,2300,1,480,600,15,15,1,62,72,10,85,10,10,12,1,0,60,53,300,1020,500,768
1194,ARCLOUSE,Arclouse,59,6075,0,860,1000,1,570,640,10,15,1,75,5,5,75,5,10,12,1,4,42,21,100,960,500,480
1195,RIDEWORD,Rideword,59,11638,0,2007,3106,1,584,804,5,35,1,75,10,20,120,20,10,12,0,0,60,53,150,864,500,192
1196,SKEL_PRISONER,"Skeleton Prisoner",52,8691,0,2466,1562,1,660,890,10,20,1,20,36,1,76,1,10,12,1,1,69,13,350,1848,500,576
1197,ZOMBIE_PRISONER,"Zombie Prisoner",53,11280,0,2635,1724,1,780,930,10,20,1,24,39,1,72,1,10,12,1,1,69,13,350,1768,500,192
1198,DARK_PRIEST,"Dark Priest",59,9660,0,3320,2974,1,298,370,30,60,1,54,38,95,82,95,10,12,1,7,87,53,200,1500,500,1000
1199,PUNK,Punk,43,3620,0,1699,1033,1,292,365,0,45,1,105,5,45,65,45,10,12,0,3,24,21,300,1500,500,1000
1200,ZEALOTUS,Zealotus,63,18300,0,3608,2304,1,700,850,10,15,1,85,40,30,125,30,10,12,1,7,60,13,200,800,792,384
1201,RYBIO,Rybio,71,9572,0,6317,3520,1,686,912,45,37,1,97,75,74,77,74,10,12,2,6,40,13,200,1500,500,1000
1202,PHENDARK,Phendark,73,22729,0,6826,3443,1,794,1056,52,36,1,62,120,65,77,65,10,12,2,7,40,13,200,1500,500,1000
1203,MYSTELTAINN,Mysteltainn,76,33350,0,6457,5159,2,1160,1440,30,30,1,139,80,35,159,35,10,12,2,0,87,53,250,1152,500,240
1204,TIRFING,Tirfing,71,29900,0,5412,4235,1,950,1146,30,35,1,87,55,35,132,35,10,12,1,0,67,53,100,816,500,240
1205,EXECUTIONER,Executioner,65,28980,0,4730,3536,2,570,950,35,35,1,85,40,25,88,25,10,12,2,0,47,53,200,768,500,384
1206,ANOLIAN,Anolian,63,18960,0,4378,2907,1,640,760,15,15,1,43,58,25,97,25,10,12,1,5,41,53,200,900,500,864
1207,STING,Sting,61,9500,0,4081,2970,1,850,1032,5,30,1,45,55,5,120,5,10,12,1,0,62,53,300,528,500,240
1208,WANDERER,Wanderer,74,8170,0,5786,4730,2,450,550,5,5,1,192,38,45,127,45,10,12,1,6,24,53,100,672,500,192
1209,CRAMP,Cramp,56,4720,0,2300,1513,1,395,465,0,5,1,85,35,5,65,5,10,12,0,2,45,5,100,1000,500,1000
1210,FILAMENTOUS,Filamentous,51,6088,0,1926,1353,1,425,525,35,10,1,35,30,5,83,5,10,12,1,4,23,21,200,1500,500,1000
1211,BRILIGHT,Brilight,46,5562,0,1826,1331,1,298,383,30,5,1,90,15,10,50,10,10,12,0,4,23,21,200,1500,500,1000
1212,IRON_FIST,"Iron Fist",47,4221,0,1435,1520,1,430,590,40,5,1,25,15,10,81,10,10,12,1,4,60,21,200,1500,500,1000
1213,HIGH_ORC,"High Orc",52,6890,0,3618,1639,1,428,533,15,5,1,46,55,35,82,35,10,12,2,7,43,53,150,1500,500,1000
1214,CHOCO,Choco,43,4278,0,1265,1265,1,315,402,5,5,1,68,55,45,65,45,10,12,0,2,23,53,200,1500,500,1000
1215,STEM_WORM,"Stem Worm",40,6136,0,1452,939,2,290,375,5,10,1,30,26,15,79,15,10,12,1,3,24,21,200,1500,500,1000
1216,PENOMENA,Penomena,57,7256,0,2870,2200,7,415,565,5,50,1,5,35,15,136,15,10,12,1,5,25,53,400,832,500,600
1219,KNIGHT_OF_ABYSS,"Abyssmal Knight",79,36140,0,8469,6268,1,1600,2150,55,50,1,68,64,25,135,25,10,12,2,7,87,53,300,1500,500,1000
1220,M_DESERT_WOLF,"Desert Wolf",27,1716,0,388,242,1,169,208,0,10,1,27,45,15,56,10,10,12,1,2,23,53,200,1120,420,288
1221,M_SAVAGE,Savage,26,2092,0,357,226,1,146,177,10,5,1,26,54,10,37,10,10,12,2,2,42,53,150,1960,960,384
1222,L_HIGH_ORC,"High Orc",52,6890,0,2128,1490,1,428,533,15,5,1,46,55,35,82,40,10,12,2,7,43,53,200,1500,500,1000
1223,L_ORC,Orc,24,1400,0,261,160,1,114,136,10,5,1,24,48,25,34,10,10,12,1,7,22,53,200,1864,864,288
1224,L_POISON_SPORE,"Poison Spore",19,665,0,169,85,1,89,101,0,0,1,19,25,0,24,0,10,12,1,3,25,53,200,1672,672,288
1225,L_CHOCO,Choco,43,4278,0,1150,1150,1,315,402,5,5,1,68,55,45,65,25,10,12,0,2,23,53,200,1500,500,1000
1226,L_KOBOLD,Kobold,36,3893,0,898,568,1,265,318,15,10,1,90,36,30,52,30,10,12,1,7,44,53,200,1028,528,360
1227,L_GOBLIN,Goblin,25,1176,0,282,171,1,118,140,10,5,1,63,25,20,38,45,10,12,1,7,24,53,100,1120,620,240
1228,L_PHEN,Phen,26,3347,0,357,226,1,138,150,0,15,1,26,26,0,88,75,10,12,1,5,41,53,150,2544,1344,1152
1229,META_FABRE,"Meta Fabre",2,63,0,3,2,1,8,11,0,0,1,2,4,0,7,5,10,12,0,4,22,1,400,1672,672,480
1230,META_PUPA,"Meta Pupa",2,427,0,2,4,0,1,2,20,20,1,1,1,0,1,20,10,12,0,4,22,0,1000,1001,1,1
1231,META_CREAMY,"Meta Creamy",16,595,0,96,64,1,53,64,0,30,1,40,16,15,16,55,10,12,0,4,24,1,200,1220,720,288
1232,META_PECOPECO_EGG,"Meta Pecopeco Egg",3,420,0,4,4,0,1,2,20,20,1,1,1,0,1,20,10,12,0,0,60,0,1000,1001,1,1
1233,CONCEIVE_PECOPECO,"Conceive Pecopeco",13,531,0,85,36,1,35,46,0,0,1,13,13,25,27,9,10,12,2,2,23,17,200,1564,864,576
1234,PROVOKE_YOYO,"Provoke Yoyo",19,879,0,135,85,1,71,82,0,0,1,24,30,35,32,55,10,12,0,2,22,11,200,1054,54,384
1235,SMOKING_ORC,"Smoking Orc",24,1400,0,261,160,1,114,136,10,20,1,24,48,20,34,0,10,12,1,7,22,13,200,1864,864,288
1236,META_ANT_EGG,"Meta Ant Egg",4,420,0,5,4,0,1,2,20,20,1,1,1,0,1,20,10,12,0,0,60,0,1000,1001,1,1
1237,META_ANDRE,"Meta Andre",17,688,0,109,71,1,60,71,10,0,1,17,24,20,26,20,10,12,0,4,22,11,300,1288,288,576
1238,META_PIERE,"Meta Piere",18,733,0,122,78,1,64,75,15,0,1,18,26,20,27,15,10,12,0,4,22,11,200,1288,288,576
1239,META_DENIRO,"Meta Deniro",19,760,0,135,85,1,68,79,15,0,1,19,30,20,43,10,10,12,0,4,22,11,150,1288,288,576
1240,META_PICKY,"Meta Picky",3,80,0,4,3,1,9,12,0,0,1,3,3,0,10,30,10,12,0,2,23,1,200,988,288,168
1241,META_PICKY_,"Meta Super Picky",4,83,0,5,4,1,8,11,20,0,1,3,3,0,11,20,10,12,0,2,23,1,200,988,288,168
1242,MARIN,Marin,15,742,0,66,44,1,39,43,0,10,1,10,10,5,35,5,10,12,1,3,41,1,400,1872,672,480
1243,SASQUATCH,Sasquatch,30,3163,0,529,319,1,250,280,5,0,1,25,60,10,34,10,10,12,2,2,60,53,300,1260,192,192
1244,JAKK_XMAS,"Jakk Xmas",38,3581,0,1113,688,1,315,382,5,30,1,38,38,43,75,43,10,12,1,0,43,53,200,1180,480,648
1245,GOBLINE_XMAS,"Goblin Xmas",25,1176,0,282,171,1,118,140,10,5,1,53,25,20,38,20,10,12,1,7,24,53,100,1120,620,240
1246,COOKIE_XMAS,"Cookie Xmas",28,2090,0,461,284,1,140,170,0,50,1,24,30,53,45,53,10,12,0,7,46,9,400,1248,1248,240
1247,ANTONIO,Antonio,10,10,0,3,2,1,13,20,100,0,1,1,1,50,100,50,10,12,1,3,66,1,100,720,720,432
1248,CRUISER,Cruiser,35,2820,0,1100,450,7,175,215,5,5,1,40,10,10,90,10,10,12,1,0,60,53,400,1296,1296,432
1249,MYSTCASE,Mystcase,38,3450,0,1113,688,1,160,360,5,10,1,50,25,5,48,5,10,12,1,0,60,17,400,1248,1248,432
1250,CHEPET,Chepet,42,4950,0,1518,946,1,380,440,0,25,1,72,35,71,65,71,10,12,1,7,23,53,400,672,672,288
1251,STORMY_KNIGHT,"Stormy Knight",77,240000,0,64350,21450,2,1425,1585,35,60,1,185,83,55,130,55,10,12,2,0,84,53,200,468,468,288
1252,GARM,Garm,73,197000,0,50050,20020,3,1700,1900,40,45,1,126,82,65,95,65,10,12,2,2,81,53,400,608,408,336
1253,GARGOYLE,Gargoyle,48,3950,0,1650,1650,9,290,360,10,10,1,61,20,20,126,20,10,12,1,6,64,5,200,1020,720,384
1254,RAGGLER,Raggler,21,1020,0,218,140,1,102,113,0,5,1,10,32,20,39,20,10,12,0,2,24,53,200,1000,900,384
1255,NERAID,Neraid,40,4120,0,1126,684,1,325,360,0,10,1,45,50,5,64,5,10,12,0,2,22,53,200,776,576,288
1256,PEST,Pest,40,3240,0,1238,752,1,375,450,0,5,1,60,22,5,80,5,10,12,0,2,47,53,200,700,648,480
1257,INJUSTICE,Injustice,51,7600,0,2118,1488,1,480,600,0,0,1,42,39,1,71,1,10,12,1,1,47,53,400,770,720,336
1258,GOBLIN_ARCHER,"Goblin Archer",28,1750,0,461,284,9,89,113,0,0,1,15,20,15,72,15,10,12,0,7,25,5,200,1172,672,420
1259,GRYPHON,Gryphon,72,27800,0,5896,4400,1,880,1260,35,35,1,95,78,65,115,65,10,12,2,2,84,53,100,704,504,432
1260,DARK_FRAME,"Dark Frame",59,7500,0,3652,3271,1,960,1210,10,45,1,72,42,45,85,45,10,12,1,6,67,5,200,920,720,200
1261,WILD_ROSE,"Wild Rose",38,2980,0,1113,688,1,315,360,0,15,1,85,15,35,65,35,10,12,0,2,24,3,100,964,864,288
1262,MUTANT_DRAGON,"Mutant Dragon",65,62600,0,4730,3536,4,2400,3400,15,20,1,47,30,68,45,68,10,12,2,9,43,53,250,1280,1080,240
1263,WIND_GHOST,"Wind Ghost",51,4820,0,2118,1488,2,489,639,0,45,1,89,15,90,85,90,10,12,1,6,64,53,150,1056,1056,336
1264,MERMAN,Merman,53,12300,0,3345,2054,2,482,603,10,35,1,45,46,15,85,15,10,12,1,7,41,53,200,916,816,336
1265,COOKIE,Cookie,25,950,0,310,188,1,130,153,0,25,1,35,20,53,37,53,10,12,0,7,60,9,200,1036,936,240
1266,ASTER,Aster,18,1452,0,122,78,1,56,64,0,10,1,19,15,1,34,1,10,12,0,5,22,17,400,1264,864,216
1267,CARAT,Carat,51,5200,0,1926,1353,1,330,417,0,25,1,41,45,5,85,5,10,12,1,6,44,21,200,1078,768,384
1268,BLOODY_KNIGHT,"Bloody Knight",82,57870,0,10120,6820,3,2150,3030,60,50,1,75,70,77,125,77,10,12,2,0,87,21,250,828,528,192
1269,CLOCK,Clock,60,11050,0,3410,2904,1,720,909,15,10,1,70,50,25,90,25,10,12,1,0,42,17,200,1092,792,480
1270,C_TOWER_MANAGER,"Clock Tower Manager",63,18600,0,4378,2850,3,880,1180,35,30,1,75,20,64,75,64,10,12,2,0,80,21,200,1072,672,384
1271,ALLIGATOR,Alligator,42,6962,0,1379,866,1,315,360,2,5,1,45,50,10,82,10,10,12,1,2,21,17,200,1100,900,480
1272,DARK_LORD,"Dark Lord",80,360000,0,65780,45045,2,2800,3320,30,70,1,120,64,118,99,118,10,12,2,6,89,53,100,868,768,480
1273,ORC_LADY,"Orc Lady",31,2000,0,644,407,1,135,170,10,10,1,42,25,15,69,15,10,12,1,7,42,53,200,1050,900,288
1274,MEGALITH,Megalith,45,5300,0,1758,1075,9,264,314,50,25,1,45,60,5,95,5,10,12,2,0,80,37,200,1332,1332,672
1275,ALICE,Alice,62,10000,0,3583,2400,1,550,700,5,5,1,64,42,85,100,85,10,12,1,7,60,17,200,1152,1152,480
1276,RAYDRIC_ARCHER,"Raydric Archer",52,5250,0,3025,2125,9,415,500,35,5,1,25,22,5,145,5,10,12,1,6,47,5,200,1152,1152,480
1277,GREATEST_GENERAL,"Greatest General",40,3632,0,1238,752,3,350,400,15,15,1,20,60,55,82,55,10,12,1,0,43,4,200,1152,1152,384
1278,STALACTIC_GOLEM,"Stalactic Golem",60,18700,0,3872,2695,1,950,1130,50,5,1,45,85,5,75,5,10,12,2,0,80,17,200,1264,864,288
1279,TRI_JOINT,"Tri Joint",32,2300,0,386,220,1,178,206,20,5,1,48,24,10,67,10,10,12,0,4,22,53,200,860,660,624
1280,GOBLIN_STEAMRIDER,"Goblin Steamrider",35,2490,0,864,495,1,234,269,20,5,1,59,32,15,75,15,10,12,1,7,44,17,200,1008,1008,528
1281,SAGE_WORM,"Sage Worm",43,3850,0,1155,1320,1,120,280,0,50,1,52,24,88,79,88,10,12,0,2,60,21,200,936,936,288
1282,KOBOLD_ARCHER,"Kobold Archer",33,2560,0,739,455,9,155,185,10,5,1,20,15,30,100,30,10,12,0,7,23,5,200,1008,1008,384
1283,CHIMERA,Chimera,70,32600,0,4950,3000,1,1200,1320,30,10,1,72,110,88,75,88,10,12,2,2,63,53,200,772,672,360
1284,HUGELING,Hugeling,1,5000,0,2,1,4,7,10,0,0,1,1,1,1,6,0,10,12,2,3,21,17,200,1872,672,480
1285,ARCHER_GUARDIAN,"Archer Guardian",74,28634,0,1,1,12,1120,1600,35,60,1,80,80,90,165,90,14,16,2,7,80,5,265,1200,1200,384
1286,KNIGHT_GUARDIAN,"Knight Guardian",86,30214,0,1,1,2,1280,1560,55,30,1,40,140,65,125,65,14,16,2,7,80,5,275,1200,1200,384
1287,SOLDIER_GUARDIAN,"Soldier Guardian",56,15670,0,1,1,1,873,1036,35,0,1,56,100,45,103,45,10,12,0,4,22,5,265,1288,288,384
1288,EMPERIUM,Emperium,90,68430,0,109,71,1,60,71,40,50,1,17,80,50,26,50,10,12,0,4,22,0,300,1288,288,384
1289,MAYA_PURPLE,"Maya Puple",81,54331,0,10496,3893,2,1446,1999,68,48,1,90,80,95,90,95,10,12,2,4,82,53,100,1024,1000,480
1290,SKELETON_GENERAL,"Skelelton General",73,17043,0,8170,3370,1,910,1089,25,25,1,25,40,20,77,20,10,12,1,1,29,53,150,2276,576,432
1291,WRAITH_DEAD,"Wraith Dead",74,42131,0,10341,3618,2,1366,1626,25,30,1,99,55,95,115,95,10,12,2,1,89,53,175,1816,576,240
1292,MINI_DEMON,"Mini Demon",68,31865,0,8396,3722,1,1073,1415,30,25,1,75,40,55,89,55,10,12,0,6,27,53,150,1000,600,384
1293,CREAMY_FEAR,"Creamy Fear",62,13109,0,7365,2691,2,667,830,45,30,1,40,16,15,68,15,10,12,0,4,24,53,155,1136,720,840
1294,KILLER_MANTIS,"Killer Mantis",56,12911,0,6509,2366,1,764,927,35,20,1,26,24,5,75,5,10,12,1,4,22,53,175,1528,660,432
1295,OWL_BARON,"Owl Baron",75,59489,0,10967,4811,2,1252,1609,65,25,1,25,80,95,95,95,10,12,2,6,60,53,175,1345,824,440
1296,KOBOLD_LEADER,"Kobold Leader",65,17935,0,7432,2713,1,649,957,37,37,1,90,36,30,77,30,10,12,1,7,44,53,150,1028,528,360
1297,ANCIENT_MUMMY,"Ancient Mummy",64,40599,0,8040,3499,1,836,1129,27,27,1,19,32,5,83,5,10,12,1,1,49,53,175,1772,120,384
1298,ZOMBIE_MASTER,"Zombie Master",62,13917,0,7610,2826,1,824,1084,37,26,1,20,30,5,77,5,10,12,1,1,29,53,175,2612,912,288
1299,GOBLIN_LEADER,"Goblin Leader",64,19735,0,6036,2184,1,663,753,48,16,1,55,37,30,69,30,10,12,1,8,24,53,120,1120,620,240
1300,CATERPILLAR,Caterpillar,64,14140,0,6272,3107,1,895,1448,47,29,1,25,85,15,69,15,10,12,0,4,22,53,300,1672,672,480
1301,AM_MUT,"Am Mut",61,11848,0,7709,2690,1,1041,1123,50,10,1,65,40,35,83,35,10,12,0,6,27,53,200,1156,456,384
1302,DARK_ILLUSION,"Dark Illusion",77,101487,0,11163,4181,2,1300,1982,64,70,1,100,40,100,97,100,10,12,2,6,89,53,145,1024,768,480
1303,GIANT_HORNET,"Giant Hornet",56,12834,0,5785,2006,1,650,851,38,43,1,38,32,10,71,10,10,12,0,4,24,53,155,1292,792,340
1304,GIANT_SPIDER,"Giant Spider",55,11628,0,6211,2146,1,625,802,41,28,1,36,43,5,73,5,10,12,2,4,25,53,165,1468,468,768
1305,ANCIENT_WORM,"Ancient Worm",67,22598,0,8174,3782,1,947,1115,35,30,1,35,56,55,81,55,10,12,2,4,25,53,165,1792,792,336
1306,LEIB_OLMAI,"Leib Olmai",58,24223,0,6011,2171,1,740,1390,27,31,1,35,95,5,64,5,10,12,2,2,22,53,175,1260,230,192
1307,CAT_O_NINE_TAILS,"Cat o' Nine Tail",76,64512,0,10869,4283,1,1112,1275,61,55,1,75,55,82,86,82,10,12,1,6,63,53,155,1276,576,288
1308,PANZER_GOBLIN,"Panzer Goblin",59,13838,0,7212,2697,1,682,877,41,28,1,60,40,20,81,20,10,12,1,7,44,53,200,960,1008,840
1309,GAJOMART,Gajomart,63,13699,0,6625,2900,1,916,948,85,50,1,34,10,5,75,5,10,12,0,0,83,53,300,1000,1152,828
1310,MAJORUROS,Majoruros,66,57991,0,8525,3799,1,781,1301,10,25,1,50,75,50,85,50,10,12,2,2,43,53,250,1100,960,780
1311,GULLINBURSTI,Gullinbursti,62,21331,0,5814,2376,1,699,1431,10,15,1,25,60,5,70,5,10,12,2,2,42,53,150,1960,960,384
1312,TURTLE_GENERAL,"Turtle General",97,320700,0,18202,9800,2,2438,3479,50,54,1,45,55,65,105,65,10,12,2,2,42,53,200,900,1000,500
1313,MOBSTER,Mobster,61,11347,0,4424,1688,1,910,1128,41,37,1,46,20,35,76,35,10,12,1,7,20,53,250,1100,560,580
1314,PERMETER,Permeter,63,8228,0,3756,1955,2,943,1212,46,45,1,59,60,5,69,5,10,12,1,2,40,17,250,1100,483,528
1315,ASSAULTER,Assaulter,71,15861,0,4854,2654,2,764,1499,35,28,1,74,10,35,100,35,10,12,1,7,44,53,155,1000,900,432
1316,SOLIDER,Solider,70,12099,0,4458,1951,2,796,978,57,43,1,35,85,5,74,5,10,12,1,2,42,17,250,1452,483,528
1317,SEAL,Seal,63,9114,0,3765,1824,1,845,1202,25,33,1,28,22,15,69,15,10,12,1,2,21,5,250,1612,622,583
1318,HEATER,Heater,68,11020,0,3766,2359,2,682,1007,40,42,1,47,25,5,71,5,10,12,1,2,43,53,250,1452,483,528
1319,FREEZER,Freezer,72,8636,0,3665,2197,2,672,984,55,43,1,41,59,5,67,5,10,12,1,2,41,53,250,1452,483,528
1320,OWL_DUKE,"Owl Duke",75,26623,0,7217,3474,1,715,910,27,49,1,45,40,75,79,75,10,12,2,6,60,53,195,1345,824,440
1321,DRAGON_TAIL,"Dragon Tail",61,8368,0,3587,1453,1,520,715,25,19,0,68,15,5,67,5,10,12,1,4,44,53,175,862,534,312
1322,SPRING_RABBIT,"Spring Rabbit",58,9045,0,3982,1766,1,585,813,29,21,1,61,5,15,77,15,10,12,1,2,42,3,160,1120,552,511
1323,SEA_OTTER,"Sea Otter",59,9999,0,3048,1642,1,650,813,33,35,1,36,40,25,82,25,10,12,1,2,61,3,190,1132,583,532
1324,TREASURE_BOX1,"Treasure Box",99,1,1,1,1,1,1,1,1,99,1,1,1,1,999,1,1,1,1,1,1,0,2000,1,1,1
1325,TREASURE_BOX2,"Treasure Box",99,1,1,1,1,1,1,1,1,99,1,1,1,1,999,1,1,1,1,1,1,0,2000,1,1,1
1326,TREASURE_BOX3,"Treasure Box",99,1,1,1,1,1,1,1,1,99,1,1,1,1,999,1,1,1,1,1,1,0,2000,1,1,1
1327,TREASURE_BOX4,"Treasure Box",99,1,1,1,1,1,1,1,1,99,1,1,1,1,999,1,1,1,1,1,1,0,2000,1,1,1
1328,TREASURE_BOX5,"Treasure Box",99,1,1,1,1,1,1,1,1,99,1,1,1,1,999,1,1,1,1,1,1,0,2000,1,1,1
1329,TREASURE_BOX6,"Treasure Box",99,1,1,1,1,1,1,1,1,99,1,1,1,1,999,1,1,1,1,1,1,0,2000,1,1,1
1330,TREASURE_BOX7,"Treasure Box",99,1,1,1,1,1,1,1,1,99,1,1,1,1,999,1,1,1,1,1,1,0,2000,1,1,1
1331,TREASURE_BOX8,"Treasure Box",99,1,1,1,1,1,1,1,1,99,1,1,1,1,999,1,1,1,1,1,1,0,2000,1,1,1
1332,TREASURE_BOX9,"Treasure Box",99,1,1,1,1,1,1,1,1,99,1,1,1,1,999,1,1,1,1,1,1,0,2000,1,1,1
1333,TREASURE_BOX10,"Treasure Box",99,1,1,1,1,1,1,1,1,99,1,1,1,1,999,1,1,1,1,1,1,0,2000,1,1,1
1334,TREASURE_BOX11,"Treasure Box",99,1,1,1,1,1,1,1,1,99,1,1,1,1,999,1,1,1,1,1,1,0,2000,1,1,1
1335,TREASURE_BOX12,"Treasure Box",99,1,1,1,1,1,1,1,1,99,1,1,1,1,999,1,1,1,1,1,1,0,2000,1,1,1
1336,TREASURE_BOX13,"Treasure Box",99,1,1,1,1,1,1,1,1,99,1,1,1,1,999,1,1,1,1,1,1,0,2000,1,1,1
1337,TREASURE_BOX14,"Treasure Box",99,1,1,1,1,1,1,1,1,99,1,1,1,1,999,1,1,1,1,1,1,0,2000,1,1,1
1338,TREASURE_BOX15,"Treasure Box",99,1,1,1,1,1,1,1,1,99,1,1,1,1,999,1,1,1,1,1,1,0,2000,1,1,1
1339,TREASURE_BOX16,"Treasure Box",99,1,1,1,1,1,1,1,1,99,1,1,1,1,999,1,1,1,1,1,1,0,2000,1,1,1
1340,TREASURE_BOX17,"Treasure Box",99,1,1,1,1,1,1,1,1,99,1,1,1,1,999,1,1,1,1,1,1,0,2000,1,1,1
1341,TREASURE_BOX18,"Treasure Box",99,1,1,1,1,1,1,1,1,99,1,1,1,1,999,1,1,1,1,1,1,0,2000,1,1,1
1342,TREASURE_BOX19,"Treasure Box",99,1,1,1,1,1,1,1,1,99,1,1,1,1,999,1,1,1,1,1,1,0,2000,1,1,1
1343,TREASURE_BOX20,"Treasure Box",99,1,1,1,1,1,1,1,1,99,1,1,1,1,999,1,1,1,1,1,1,0,2000,1,1,1
1344,TREASURE_BOX21,"Treasure Box",99,1,1,1,1,1,1,1,1,99,1,1,1,1,999,1,1,1,1,1,1,0,2000,1,1,1
1345,TREASURE_BOX22,"Treasure Box",99,1,1,1,1,1,1,1,1,99,1,1,1,1,999,1,1,1,1,1,1,0,2000,1,1,1
1346,TREASURE_BOX23,"Treasure Box",99,1,1,1,1,1,1,1,1,99,1,1,1,1,999,1,1,1,1,1,1,0,2000,1,1,1
1347,TREASURE_BOX24,"Treasure Box",99,1,1,1,1,1,1,1,1,99,1,1,1,1,999,1,1,1,1,1,1,0,2000,1,1,1
1348,TREASURE_BOX25,"Treasure Box",99,1,1,1,1,1,1,1,1,99,1,1,1,1,999,1,1,1,1,1,1,0,2000,1,1,1
1349,TREASURE_BOX26,"Treasure Box",99,1,1,1,1,1,1,1,1,99,1,1,1,1,999,1,1,1,1,1,1,0,2000,1,1,1
1350,TREASURE_BOX27,"Treasure Box",99,1,1,1,1,1,1,1,1,99,1,1,1,1,999,1,1,1,1,1,1,0,2000,1,1,1
1351,TREASURE_BOX28,"Treasure Box",99,1,1,1,1,1,1,1,1,99,1,1,1,1,999,1,1,1,1,1,1,0,2000,1,1,1
1352,TREASURE_BOX29,"Treasure Box",99,1,1,1,1,1,1,1,1,99,1,1,1,1,999,1,1,1,1,1,1,0,2000,1,1,1
1353,TREASURE_BOX30,"Treasure Box",99,1,1,1,1,1,1,1,1,99,1,1,1,1,999,1,1,1,1,1,1,0,2000,1,1,1
1354,TREASURE_BOX31,"Treasure Box",99,1,1,1,1,1,1,1,1,99,1,1,1,1,999,1,1,1,1,1,1,0,2000,1,1,1
1355,TREASURE_BOX32,"Treasure Box",99,1,1,1,1,1,1,1,1,99,1,1,1,1,999,1,1,1,1,1,1,0,2000,1,1,1
1356,TREASURE_BOX33,"Treasure Box",99,1,1,1,1,1,1,1,1,99,1,1,1,1,999,1,1,1,1,1,1,0,2000,1,1,1
1357,TREASURE_BOX34,"Treasure Box",99,1,1,1,1,1,1,1,1,99,1,1,1,1,999,1,1,1,1,1,1,0,2000,1,1,1
1358,TREASURE_BOX35,"Treasure Box",99,1,1,1,1,1,1,1,1,99,1,1,1,1,999,1,1,1,1,1,1,0,2000,1,1,1
1359,TREASURE_BOX36,"Treasure Box",99,1,1,1,1,1,1,1,1,99,1,1,1,1,999,1,1,1,1,1,1,0,2000,1,1,1
1360,TREASURE_BOX37,"Treasure Box",99,1,1,1,1,1,1,1,1,99,1,1,1,1,999,1,1,1,1,1,1,0,2000,1,1,1
1361,TREASURE_BOX38,"Treasure Box",99,1,1,1,1,1,1,1,1,99,1,1,1,1,999,1,1,1,1,1,1,0,2000,1,1,1
1362,TREASURE_BOX39,"Treasure Box",99,1,1,1,1,1,1,1,1,99,1,1,1,1,999,1,1,1,1,1,1,0,2000,1,1,1
1363,TREASURE_BOX40,"Treasure Box",99,1,1,1,1,1,1,1,1,99,1,1,1,1,999,1,1,1,1,1,1,0,2000,1,1,1
1364,G_ASSAULTER,Assaulter,59,18251,0,1,1,2,195,227,35,36,85,55,10,35,145,100,10,12,1,6,44,21,155,1000,900,432
1365,APOCALIPS,Apolcalips,66,22680,0,6540,4935,2,1030,1370,62,49,1,48,120,108,66,108,10,12,2,0,60,5,200,1564,864,576
1366,LAVA_GOLEM,"Lava Golem",77,24324,0,6470,3879,1,1541,2049,65,50,1,57,115,70,76,70,10,12,2,0,83,5,200,1564,864,576
1367,BLAZZER,Blazzer,43,8252,0,3173,1871,2,533,709,50,40,1,52,50,39,69,39,10,12,0,6,43,5,200,1564,864,576
1368,GEOGRAPHER,Geographer,56,8071,0,2715,2000,3,467,621,28,26,1,67,47,60,68,60,10,12,0,3,62,4,200,1564,864,576
1369,GRAND_PECO,"Grand Peco",58,8054,0,2387,1361,2,444,565,37,30,1,67,66,50,71,50,10,12,2,2,43,9,200,1564,864,576
1370,SUCCUBUS,Succubus,85,16955,0,5357,4322,2,1268,1686,54,48,1,97,95,150,89,150,10,12,1,6,67,5,200,1564,864,576
1371,FAKE_ANGEL,"Fake Angel",65,16845,0,3371,1949,2,513,682,50,35,1,64,57,70,61,70,10,12,0,8,66,5,200,1564,864,576
1372,GOAT,Goat,69,11077,0,3357,2015,1,457,608,44,25,1,58,66,62,67,62,10,12,2,2,63,17,200,1564,864,576
1373,LORD_OF_DEATH,"Lord of Death",94,303383,0,131343,43345,3,2430,4104,77,73,1,99,120,169,100,169,10,12,2,6,67,5,200,1564,864,576
1374,INCUBUS,Incubus,75,17281,0,5254,4212,2,1408,1873,58,46,1,97,95,150,89,150,10,12,1,6,67,5,200,1564,864,576
1375,THE_PAPER,"The Paper",56,18557,0,2849,1998,1,845,1124,25,24,1,66,52,76,71,76,10,12,1,0,60,5,200,1564,864,576
1376,HARPY,Harpy,70,16599,0,3562,2133,1,956,1231,42,44,1,112,72,103,74,103,10,12,1,6,64,5,200,1564,864,576
1377,ELDER,Elder,64,21592,0,4650,3408,3,421,560,45,68,1,76,68,108,72,108,10,12,2,7,80,5,200,1564,864,576
1378,DEMON_PUNGUS,"Demon Pungus",56,7259,0,3148,1817,1,360,479,48,31,1,83,55,59,63,59,10,12,0,6,65,5,200,1564,864,576
1379,NIGHTMARE_TERROR,"Nightmare Terror",78,22605,0,6683,4359,1,757,1007,37,37,1,76,55,60,77,60,10,12,2,6,67,21,200,1564,864,576
1380,DRILLER,Driller,52,7452,0,3215,1860,1,666,886,48,31,1,66,58,50,60,50,10,12,1,2,22,5,200,1564,864,576
1381,GRIZZLY,Grizzly,68,11733,0,3341,2012,1,809,1076,44,32,1,54,68,58,70,58,10,12,2,2,63,5,200,1564,864,576
1382,DIABOLIC,Diabolic,67,9642,0,3662,2223,1,796,1059,64,36,1,84,53,67,71,67,10,12,0,6,47,5,200,1564,864,576
1383,EXPLOSION,Explosion,46,8054,0,2404,1642,1,336,447,35,27,1,61,56,50,66,50,10,12,0,2,63,5,200,1564,864,576
1384,DELETER,Deleter,66,17292,0,3403,2066,1,446,593,45,53,1,105,40,65,72,65,10,12,1,9,44,5,200,1564,864,576
1385,DELETER_,Deleter,65,15168,0,3403,2066,1,446,593,52,53,1,67,40,65,72,65,10,12,1,9,42,5,200,1564,864,576
1386,SLEEPER,Sleeper,67,8237,0,3603,2144,1,593,789,49,35,1,48,100,57,75,57,10,12,1,0,42,5,200,1564,864,576
1387,GIG,Gig,60,8409,0,3934,2039,1,360,479,60,28,1,61,80,53,59,53,10,12,0,2,41,5,200,1564,864,576
1388,ARCHANGELING,Archangeling,60,79523,0,4152,2173,1,669,890,54,58,1,65,80,74,65,74,10,12,1,8,66,21,200,1564,864,576
1389,DRACULA,Dracula,85,320096,0,120157,38870,3,1625,1891,45,76,1,95,90,87,85,87,10,12,2,6,87,5,200,1564,864,576
1390,VIOLY,Violy,75,18257,0,6353,3529,10,738,982,37,36,1,93,54,85,101,85,10,12,1,7,40,5,200,1564,864,576
1391,GALAPAGO,Galapago,63,9145,0,3204,1966,1,457,608,33,33,1,56,56,45,66,45,10,12,1,2,22,3,200,1564,864,576
1392,ROTAR_ZAIRO,"Rotar Zairo",25,1209,0,351,215,10,109,137,4,34,1,62,45,26,55,26,10,12,1,0,44,5,200,1564,864,576
1395,CRYSTAL_1,"Crystal 1",1,15,0,0,0,0,1,2,100,99,1,1,1,1,999,1,1,1,0,3,22,0,2000,1,1,1
1396,CRYSTAL_1,"Crystal 2",1,15,0,0,0,0,1,2,100,99,1,1,1,1,999,1,1,1,0,3,22,0,2000,1,1,1
1397,CRYSTAL_3,"Crystal 3",1,15,0,0,0,0,1,2,100,99,1,1,1,1,999,1,1,1,0,3,22,0,2000,1,1,1
1398,CRYSTAL_4,"Crystal 4",1,15,0,0,0,0,1,2,100,99,1,1,1,1,999,1,1,1,0,3,22,0,2000,1,1,1
1399,EVENT_BAPHOMET,Baphomet,68,864960,0,562340,87895,2,3220,4040,35,45,1,152,96,85,120,85,10,10,2,6,67,53,100,1068,768,576
1400,KARAKASA,Karakasa,30,3092,0,489,322,1,140,183,1,20,1,40,12,5,10,5,10,12,1,0,60,1,300,1480,480,1056
1401,SHINOBI,Shinobi,69,12700,0,4970,3010,1,460,1410,34,21,1,85,25,25,100,25,10,12,1,7,67,5,200,1480,480,720
1402,POISON_TOAD,"Poison Toad",46,6629,0,1929,1457,1,288,408,5,10,1,34,19,14,66,14,10,12,1,2,45,17,165,976,576,288
1403,ANTIQUE_FIRELOCK,"Antique Firelock",47,3852,0,1293,1003,7,289,336,10,10,1,37,29,15,101,15,10,12,1,1,49,5,200,2276,576,432
1404,MIYABI_NINGYO,"Miyabi Ningyo",33,6300,0,795,493,1,250,305,1,20,1,31,15,10,47,10,10,12,1,6,27,17,200,1720,500,420
1405,TENGU,Tengu,65,16940,0,4207,2843,2,660,980,12,82,1,45,69,45,75,45,10,12,2,6,42,5,150,1056,1056,336
1406,KAPHA,Kapha,41,7892,0,2278,1552,4,399,719,20,38,1,65,49,22,73,22,10,12,1,5,21,5,200,1152,1152,384
1407,DOKEBI_,Dokebi,33,2697,0,889,455,1,197,249,0,10,50,50,40,35,69,40,10,12,0,6,27,17,250,1156,456,384
1408,BLOODY_BUTTERFLY,"Bloody Butterfly",57,8082,0,2119,1562,1,354,575,5,23,1,65,35,37,116,37,10,12,1,4,44,5,250,1100,520,570
1409,RICE_CAKE_BOY,"Rice Cake Boy",27,2098,0,231,149,3,112,134,5,12,1,22,29,5,41,5,10,12,0,7,20,17,250,1100,520,570
1410,LIVE_PEACH_TREE,"Live Peach Tree",55,10050,0,2591,1799,7,482,603,10,38,1,45,120,39,120,39,10,12,1,3,42,4,250,1100,520,570
1412,EVIL_CLOUD_HERMIT,"Evil Cloud Hermit",57,15003,0,3304,2198,7,620,899,25,59,1,66,21,76,130,76,10,12,2,0,40,5,250,1100,520,570
1413,WILD_GINSING,"Wild Ginseng",46,6900,0,1038,692,1,220,280,10,20,1,42,36,55,66,55,10,12,0,3,43,9,250,1100,520,570
1415,BABY_LEOPARD,"Baby Leopard",32,2590,0,352,201,1,155,207,0,5,1,44,20,4,49,4,10,12,0,2,28,5,250,1100,570,570
1416,WICKED_NYMPH,"Wicked Nymph",63,18029,0,3945,2599,1,691,1382,12,75,1,64,12,69,100,69,10,12,1,6,67,5,250,1100,520,570
1417,ZIPPER_BEAR,"Zipper Bear",35,2901,0,370,255,1,248,289,10,5,1,25,55,15,28,15,10,12,1,2,27,9,250,1100,520,570
1418,DARK_SNAKE_LORD,"Dark Snake Lord",73,254993,0,34288,17950,3,1433,2033,25,55,1,83,62,80,164,80,10,12,2,2,68,21,120,1152,576,1152
1419,G_FAMILIAR,Farmiliar,8,155,0,1,1,1,20,28,0,0,1,12,8,5,28,0,10,12,0,2,27,5,150,1276,576,384
1420,G_ARCHER_SKELETON,"Archer Skeleton",31,3040,0,1,1,9,128,153,0,0,1,8,14,5,90,5,10,12,1,1,29,5,300,2864,864,576
1421,G_ISIS,Isis,43,4828,0,1,1,1,423,507,10,35,38,65,43,30,72,15,10,12,2,6,27,21,200,1384,768,336
1422,G_HUNTER_FLY,"Hunter Fly",42,5242,0,1,1,1,246,333,25,15,33,105,32,15,72,30,10,12,0,4,44,5,150,676,576,480
1423,G_GHOUL,Ghoul,39,5118,0,1,1,1,420,500,5,20,1,20,29,0,33,20,10,12,1,1,49,5,250,2456,912,504
1424,G_SIDE_WINDER,"Side Winder",43,4929,0,1,1,1,240,320,5,10,38,43,40,15,115,20,10,12,1,2,25,21,200,1576,576,576
1425,G_OBEAUNE,Obeaune,31,3952,0,1,1,1,141,165,0,40,1,31,31,55,74,85,10,12,1,5,41,21,200,1872,672,288
1426,G_MARC,Marc,36,6900,0,1,1,1,220,280,5,10,1,36,36,20,56,30,10,12,1,5,41,5,150,1272,72,480
1427,G_NIGHTMARE,Nightmare,49,4437,0,1,1,1,447,529,0,40,1,74,25,15,64,10,10,12,2,6,68,21,150,1816,816,432
1428,G_POISON_SPORE,"Poison Spore",19,665,0,1,1,1,89,101,0,0,1,19,25,0,24,0,10,12,1,3,25,5,200,1672,672,288
1429,G_ARIGOPE,Argiope,41,4382,0,1,1,1,395,480,30,0,1,41,31,10,56,30,10,12,2,4,25,53,300,1792,792,336
1430,G_ARGOS,Argos,25,1117,0,1,1,1,158,191,15,0,1,25,25,5,32,15,10,12,2,4,25,21,300,1468,468,768
1431,G_BAPHOMET_,"Baphomet Jr.",50,8578,0,1,1,1,487,590,15,25,1,75,55,1,93,45,10,12,0,6,27,53,100,868,480,120
1432,G_DESERT_WOLF,"Desert Wolf",27,1,0,1,1,1,169,208,0,10,56,27,45,15,56,10,10,12,1,2,23,11,200,1120,420,288
1433,G_DEVIURCHI,Deviurchi,46,7360,0,1,1,1,475,560,10,25,1,69,40,55,87,30,10,12,0,6,27,53,150,980,600,384
1434,G_DRAINLAIR,Drainliar,24,1162,0,1,1,1,74,84,0,0,1,36,24,0,78,0,10,12,0,2,47,21,250,1276,576,384
1435,G_EVIL_DRUID,"Evil Druid",58,16506,0,1,1,1,420,670,5,60,1,29,58,80,68,30,10,12,2,1,89,53,300,2276,576,336
1436,G_JAKK,Jakk,38,3581,0,1,1,1,315,382,5,30,1,38,38,43,75,45,10,12,1,0,43,53,200,1180,480,648
1437,G_JOKER,Joker,57,12450,0,1,1,1,621,738,10,35,1,143,47,75,98,175,10,12,2,7,84,53,100,1364,864,432
1438,G_KHALITZBURG,Khalitzburg,63,19276,0,1,1,1,875,1025,45,10,58,65,48,5,73,40,10,12,2,1,29,53,350,528,1000,396
1439,G_HIGH_ORC,"High Orc",52,6890,0,1,1,1,428,533,15,5,55,46,55,35,82,40,10,12,2,7,43,53,150,1500,500,1000
1440,G_STEM_WORM,"Stem Worm",40,6136,0,1,1,2,290,375,5,10,1,30,26,15,79,35,10,12,1,3,24,21,200,1500,500,1000
1441,G_PENOMENA,Penomena,57,7256,0,1,1,7,415,565,5,50,1,5,35,15,136,30,10,12,1,5,25,53,400,832,500,600
1442,G_SASQUATCH,Sasquatch,30,3163,0,1,1,1,250,280,5,0,75,25,60,10,34,20,10,12,2,2,60,53,300,1260,192,192
1443,G_CRUSIER,Cruiser,35,2820,0,1,1,7,175,215,5,5,1,40,10,10,90,25,10,12,1,0,60,53,400,1296,1296,432
1444,G_CHEPET,Chepet,42,4950,0,1,1,1,380,440,0,25,1,72,35,71,65,85,10,12,1,7,23,53,400,672,672,288
1445,G_RAGGLER,Raggler,21,1020,0,1,1,1,102,113,0,5,18,10,32,20,39,35,10,12,0,2,24,53,200,1000,900,384
1446,G_INJUSTICE,Injustice,51,7600,0,1,1,1,480,600,0,0,84,42,39,0,71,35,10,12,1,1,47,53,400,770,720,336
1447,G_GRYPHON,Gryphon,72,27800,0,1,1,1,880,1260,35,35,68,95,78,65,115,75,10,12,2,2,84,53,100,704,504,432
1448,G_DARK_FRAME,"Dark Frame",59,7500,0,1,1,1,960,1210,10,45,1,72,42,45,85,25,10,12,1,6,67,5,200,920,720,200
1449,G_MUTANT_DRAGONOID,"Mutant Dragonoid",65,42600,0,1,1,4,2400,3400,15,20,75,47,30,68,45,35,10,12,2,9,43,53,250,1280,1080,240
1450,G_WIND_GHOST,"Wind Ghost",51,4820,0,1,1,2,489,639,0,45,1,89,15,90,85,25,10,12,1,6,64,53,150,1056,1056,336
1451,G_MERMAN,Merman,53,12300,0,1,1,2,482,603,10,35,72,62,46,15,95,75,10,12,1,7,41,53,200,916,816,336
1452,G_ORC_LADY,"Orc Lady",31,2000,0,1,1,1,135,170,10,10,35,42,25,15,69,55,10,12,1,7,42,53,200,1050,900,288
1453,G_RAYDRIC_ARCHER,"Raydric Archer",52,5250,0,1,1,9,415,500,35,5,15,25,22,5,145,35,10,12,1,6,47,5,200,1152,1152,480
1454,G_TRIJOINT,Trijoint,32,2300,0,1,1,1,178,206,20,5,1,48,24,10,67,20,10,12,0,4,22,53,200,860,660,624
1455,G_KOBOLD_ARCHER,"Kobold Archer",33,2560,0,1,1,9,155,185,10,5,10,20,15,30,100,25,10,12,0,7,23,5,200,1008,1008,384
1456,G_CHIMERA,Chimera,70,32600,0,1,1,1,1200,1320,30,10,1,72,110,88,75,85,10,12,2,2,63,53,200,772,672,360
1457,G_MANTIS,Mantis,26,2472,0,1,1,1,118,149,10,0,1,26,24,5,45,15,10,12,1,4,22,21,200,1528,660,432
1458,G_MARDUK,Marduk,40,4214,0,1,1,1,315,382,0,60,1,40,20,79,78,20,10,12,2,7,23,21,300,1540,840,504
1459,G_MARIONETTE,Marionette,41,3222,0,1,1,1,355,422,0,25,1,62,36,44,69,45,10,12,0,6,68,21,300,1480,480,1056
1460,G_MATYR,Matyr,31,2585,0,1,1,1,134,160,0,0,1,47,38,5,64,5,10,12,1,2,27,21,150,432,432,360
1461,G_MINOROUS,Minorous,52,7431,0,1,1,1,590,770,15,5,65,42,61,66,52,25,10,12,2,2,43,21,200,1360,960,432
1462,G_ORC_SKELETON,"Orc Skeleton",28,2278,0,1,1,1,190,236,10,10,1,14,18,0,30,15,10,12,1,1,29,5,200,2420,720,648
1463,G_ORC_ZOMBIE,"Orc Zombie",24,1568,0,1,1,1,151,184,5,10,1,12,24,0,24,5,10,12,1,1,29,5,400,2852,1152,840
1464,G_PASANA,Pasana,33,2274,0,1,1,1,212,248,15,5,1,33,54,10,76,15,10,12,1,7,43,21,200,1700,1000,500
1465,G_PETIT,Petit,44,6881,0,1,1,1,360,427,30,30,1,44,62,69,79,60,10,12,1,9,22,21,200,1624,620,384
1466,G_PETIT_,Petit,45,5747,0,1,1,1,300,355,20,45,1,113,45,69,73,80,10,12,1,9,24,21,150,1420,1080,528
1467,G_RAYDRIC,Raydric,52,8613,0,1,1,1,830,930,40,15,58,47,42,5,69,26,10,12,2,7,47,21,150,824,780,420
1468,G_REQUIUM,Requium,35,3089,0,1,1,1,220,272,0,15,1,53,35,5,57,2,10,12,1,7,27,5,400,1516,816,432
1469,G_SKEL_WORKER,"Skel Worker",30,2872,0,1,1,1,242,288,0,15,1,15,30,5,42,10,10,12,1,1,29,5,400,2420,720,384
1470,G_ZEROM,Zerom,23,1109,0,1,1,1,127,155,0,10,1,23,23,5,42,0,10,12,1,7,23,5,200,1780,1080,432
1471,G_NINE_TAILS,"Nine Tails",51,9466,0,1,1,1,610,734,10,25,1,80,46,1,89,85,10,12,1,2,63,53,150,840,540,480
1472,G_BONGUN,Bongun,32,3520,0,1,1,1,220,260,0,0,45,15,36,10,48,15,10,12,1,1,29,5,200,1720,500,420
1473,G_ORC_ARCHER,"Orc Archer",49,7440,0,1,1,9,310,390,10,5,1,44,25,20,125,20,10,12,1,7,22,21,300,1960,620,480
1474,G_MIMIC,Mimic,51,6120,0,1,1,1,150,900,10,40,44,121,1,60,75,110,10,12,1,0,60,21,100,972,500,288
1475,G_WRAITH,Wraith,53,10999,0,1,1,1,580,760,5,30,1,95,30,75,78,35,10,12,2,1,89,53,300,1816,576,240
1476,G_ALARM,Alarm,58,10647,0,1,1,1,480,600,15,15,1,62,72,10,85,45,10,12,1,0,60,53,300,1020,500,768
1477,G_ARCLOUSE,Arclouse,59,6075,0,1,1,1,570,640,10,15,1,75,5,5,75,50,10,12,1,4,42,21,100,960,500,480
1478,G_RIDEWORD,Rideword,59,11638,0,1,1,1,584,804,5,35,48,75,10,20,120,45,10,12,0,0,60,53,150,864,500,192
1479,G_SKEL_PRISONER,"Skeleton Prisoner",52,8691,0,1,1,1,660,890,10,20,55,20,36,0,76,25,10,12,1,1,69,13,350,1848,500,576
1480,G_ZOMBIE_PRISONER,"Zombie Prisoner",53,11280,0,1,1,1,780,930,10,20,1,24,39,0,72,25,10,12,1,1,69,13,350,1768,500,192
1481,G_PUNK,Punk,43,3620,0,1,1,1,292,365,0,45,1,105,5,45,65,20,10,12,0,3,24,21,300,1500,500,1000
1482,G_ZEALOTUS,Zealotus,63,18300,0,1,1,1,700,850,10,15,70,85,40,30,125,60,10,12,1,7,60,13,200,800,792,384
1483,G_RYBIO,Rybio,57,15498,0,1,1,1,725,910,0,0,1,74,42,39,124,30,10,12,1,7,60,13,200,1500,500,1000
1484,G_PHENDARK,Phendark,58,12512,0,1,1,1,897,1120,0,0,1,108,50,58,85,10,10,12,1,7,60,13,200,1500,500,1000
1485,G_MYSTELTAINN,Mysteltainn,76,33350,0,1,1,2,1160,1440,30,30,77,139,80,35,159,65,10,12,2,0,87,53,250,1152,500,240
1486,G_TIRFING,Tirfing,71,29900,0,1,1,1,950,1146,30,35,58,87,55,35,132,65,10,12,1,0,67,53,100,816,500,240
1487,G_EXECUTIONER,Executioner,65,28980,0,1,1,2,570,950,35,35,64,85,40,25,88,60,10,12,2,0,47,53,200,768,500,384
1488,G_ANOLIAN,Anolian,63,18960,0,1,1,1,640,760,15,15,1,43,58,25,97,65,10,12,1,5,41,53,200,900,500,864
1489,G_STING,Sting,61,9500,0,1,1,1,850,1032,5,30,57,45,55,5,120,85,10,12,1,0,62,53,300,528,500,240
1490,G_WANDERER,Wanderer,74,8170,0,1,1,2,450,550,5,5,1,192,38,45,127,85,10,12,1,6,24,53,100,672,500,192
1491,G_DOKEBI,Dokibi,33,2697,0,1,1,1,197,249,0,10,50,50,40,35,69,40,10,12,0,6,27,17,250,1156,456,384
1492,INCANTATION_SAMURAI,"Incantation Samurai",71,218652,0,53600,5000,1,1219,2169,10,51,1,85,78,85,150,85,10,12,2,7,67,53,200,1152,1152,500
1493,DRYAD,Dryad,50,8791,0,2763,1493,2,499,589,15,33,1,75,55,1,78,1,10,12,1,3,64,5,200,2492,392,842
1494,KIND_OF_BEETLE,Beetle,34,1874,0,679,442,1,191,243,45,12,1,34,10,1,50,1,10,12,0,4,22,1,200,1720,420,500
1495,STONE_SHOOTER,"Stone Shooter",42,4104,0,1238,752,9,309,350,12,45,1,40,20,79,92,79,10,12,1,3,63,5,200,2492,392,842
1497,WOODEN_GOLEM,"Wooden Golem",51,9200,0,1926,1353,1,570,657,32,36,1,41,69,5,85,5,10,12,2,3,42,5,175,1028,360,528
1498,WOOTAN_SHOOTER,"Wootan Shooter",39,3977,0,886,453,9,224,271,10,28,1,35,29,15,120,15,10,12,1,7,42,5,175,1348,370,528
1499,WOOTAN_FIGHTER,"Wootan Fighter",41,4457,0,1790,833,1,395,480,30,19,1,41,31,10,67,10,10,12,1,7,43,5,175,1028,360,528
1500,PARASITE,Parasite,37,3090,0,1098,478,9,175,215,5,19,1,40,20,10,90,10,10,12,1,3,44,52,200,2492,392,842
1501,PARASITE_BULLET,"Parasite Bullet",1,50,0,2,1,1,7,10,0,5,1,1,1,0,6,30,10,12,1,3,21,5,400,1872,672,480
1502,EVENT_PORING,"Bring it on",99,999999999,0,60000,30000,1,99,199,9,82,10,10,10,10,16,40,10,12,1,3,25,131,400,1872,672,480
1503,GIBBET,Gibbet,58,6841,0,4011,1824,1,238,418,28,31,1,42,42,27,46,27,10,12,2,6,27,5,175,1348,370,528
1504,DULLAHAN,Dullahan,62,12437,0,4517,2963,1,418,647,47,38,1,30,5,45,62,45,10,12,1,1,49,5,200,2492,392,842
1505,LOLI_RURI,"Lori Ruri",71,23470,0,6641,4314,1,841,1476,39,44,1,66,54,74,81,74,10,12,2,6,87,5,200,2492,392,842
1506,DISGUISE,Disguise,55,7543,0,2815,1919,1,267,279,18,29,1,72,45,35,48,35,10,12,1,6,82,5,200,2492,392,842
1507,BLOODY_MURDERER,"Bloody Murderer",72,27521,0,9742,3559,1,217,864,37,41,1,30,90,15,52,15,10,12,2,7,67,5,175,1028,360,528
1508,QUVE,Quve,40,4559,0,414,306,1,170,299,12,12,1,61,24,19,37,19,10,12,0,1,29,5,200,1720,420,500
1509,LUDE,Lude,36,3214,0,392,247,1,164,287,14,10,1,59,60,18,36,18,10,12,0,1,29,5,200,1720,420,500
1510,HYLOZOIST,Hylozoist,51,7186,0,2314,1297,1,181,317,16,51,1,28,26,47,66,47,10,12,0,1,47,5,200,2492,392,842
1511,AMON_RA,"Amon Ra",88,1214138,0,87264,35891,1,1647,2576,26,52,1,1,90,124,74,124,10,12,2,7,62,5,200,2492,392,842
1512,HYEGUN,Hyegun,56,9981,0,2199,1032,1,318,710,12,10,1,40,36,10,73,10,10,12,1,1,49,5,200,2492,392,842
1513,CIVIL_SERVANT,"Civil Servant",62,14390,0,4023,2750,1,360,650,42,5,1,15,20,60,80,60,10,12,1,2,44,5,200,2492,392,842
1514,DANCING_DRAGON,"Dancing Dragon",54,9136,0,3030,769,1,239,550,39,10,1,62,55,25,72,25,10,12,1,9,44,3,200,2492,392,842
1515,BABY_GARM,"Baby Garm",61,20119,0,1022,2980,1,499,680,34,13,1,30,56,55,85,55,10,12,1,2,41,5,400,608,408,336
1516,LIVING_SOIL,"Living Soil",51,8230,0,2760,2110,1,140,560,30,12,1,45,23,12,69,12,10,12,1,0,62,17,400,2492,392,336
1517,LI_ME_MANG_RYANG,"Li Me Mang Ryang",48,5920,0,1643,1643,1,199,434,23,16,1,51,19,8,57,8,10,12,1,6,62,5,200,2492,392,842
1518,BACSOJIN,Bacsojin,75,218652,0,33095,18214,3,1219,2169,10,51,1,85,78,85,150,85,10,12,2,1,67,53,400,608,408,336
1519,CHUNG_E,"Chung E",33,5628,0,739,455,1,210,251,0,10,1,33,33,10,58,10,10,12,1,6,21,5,200,2492,392,842
1520,BOILED_RICE,"Boiled Rice",14,344,0,81,44,1,59,72,0,10,1,14,14,0,19,0,10,12,1,3,25,5,200,2492,392,842
1521,G_ALICE,Alice,62,10000,0,1,1,1,550,700,5,5,64,64,42,85,100,130,10,12,1,7,60,17,200,1152,1152,480
1522,G_ANCIENT_MUMMY,"Ancient Mummy",64,39760,0,1,1,1,836,1129,27,27,28,19,32,5,83,35,10,12,1,1,49,53,175,1772,120,384
1523,G_ANTIQUE_FIRELOCK,"Antique Firelock",29,2334,0,1,1,7,221,245,10,15,1,15,22,5,40,15,10,12,1,1,29,5,200,2276,576,432
1524,G_BABY_LEOPARD,"Baby Leopard",53,9390,0,1,1,1,120,470,72,67,1,98,54,25,90,52,10,12,0,2,28,5,250,1100,570,570
1525,G_BATHORY,Bathory,44,5415,0,1,1,1,198,398,0,60,1,76,24,85,65,15,10,12,1,7,27,53,100,1504,840,900
1526,G_BLOODY_BUTTERFLY,"Bloody Butterfly",65,8960,0,1,1,1,327,600,30,67,1,100,20,50,110,15,10,12,1,4,44,5,250,1100,520,570
1527,G_C_TOWER_MANAGER,"Clock Tower Mangaer",63,18600,0,1,1,3,880,1180,35,30,1,75,20,64,75,60,10,12,2,0,80,21,200,1072,672,384
1528,G_CLOCK,Clock,60,11050,0,1,1,1,720,909,15,10,1,70,50,25,90,50,10,12,1,0,42,17,200,1092,792,480
1529,G_DARK_SNAKE_LORD,"DarkSnake Lord",73,254993,0,1,1,3,1433,2023,25,55,1,85,78,87,150,60,10,12,2,2,68,21,120,1152,576,1152
1530,G_DRACULA,Dracula,85,320096,0,1,1,3,1625,1890,45,76,1,95,90,87,85,100,10,12,2,6,87,5,200,1564,864,576
1531,G_EVIL_CLOUD_HERMIT,"Evil Cloud Hermit",56,18300,0,1,1,7,327,1428,72,67,1,32,80,67,58,15,10,12,2,0,42,5,250,1100,520,570
1532,G_EXPLOSION,Explosion,46,8054,0,1,1,1,336,447,35,27,1,61,56,50,66,38,10,12,0,2,63,5,200,1564,864,576
1533,G_SEAL,Seal,63,12942,0,1,1,1,845,1202,25,33,5,28,22,15,69,84,10,12,1,2,21,5,250,1612,622,583
1534,G_GOBLIN_1,Goblin,25,1176,0,1,1,1,118,140,10,5,1,53,25,20,38,10,10,12,1,7,24,53,100,1120,620,240
1535,G_GOBLIN_2,Goblin,24,1034,0,1,1,1,88,100,10,5,1,24,24,15,66,10,10,12,1,7,23,21,150,1320,620,240
1536,G_GOBLIN_3,Goblin,24,1034,0,1,1,1,132,165,10,5,1,24,24,15,24,10,10,12,1,7,25,13,250,1624,624,240
1537,G_GOBLIN_4,Goblin,23,1359,0,1,1,1,109,131,10,5,1,23,46,15,36,10,10,12,1,7,22,13,200,1624,624,240
1538,G_GOBLIN_5,Goblin,22,1952,0,1,1,1,105,127,10,5,1,22,22,15,32,10,10,12,1,7,21,13,300,3074,1874,480
1539,G_GOBLIN_LEADER,"Goblin Leader",64,19735,0,1,1,1,663,753,48,16,5,55,37,30,69,58,10,12,1,7,24,53,120,1120,620,240
1540,G_GOLEM,Golem,25,3900,0,1,1,1,175,187,40,0,1,15,25,0,15,0,10,12,2,0,60,17,300,1608,816,396
1541,G_GREATEST_GENERAL,"Greatest General",40,3632,0,1,1,3,350,400,15,15,1,20,60,55,82,140,10,12,1,0,43,4,200,1152,1152,384
1542,G_INCANTATION_SAMURAI,"Incantation Samurai",71,218652,0,1,1,1,2350,2770,55,30,1,73,60,50,103,130,10,12,2,7,67,53,200,1152,1152,500
1543,G_KAPHA,Kapha,40,3632,0,1,1,4,350,400,15,15,1,20,60,55,82,140,10,12,1,0,43,5,200,1152,1152,384
1544,G_KARAKASA,Karakasa,41,3222,0,1,1,1,355,422,50,25,1,62,36,44,69,45,10,12,0,6,68,1,300,1480,480,1056
1545,G_KOBOLD_1,Kobold,36,3893,0,1,1,1,265,318,15,10,1,90,36,30,52,20,10,12,1,7,44,13,150,1028,528,360
1546,G_KOBOLD_2,Kobold,31,2179,0,1,1,1,262,324,15,10,1,31,31,20,46,20,10,12,1,7,45,13,200,1528,528,360
1547,G_KOBOLD_3,Kobold,31,2179,0,1,1,1,186,216,15,10,1,31,31,20,88,20,10,12,1,7,43,13,300,1228,528,360
1548,G_KOBOLD_4,Kobold,30,3503,0,1,1,1,168,199,15,10,1,30,30,20,50,20,10,12,1,7,41,13,200,2200,1000,500
1549,G_LAVA_GOLEM,"Lava Golem",77,24324,0,1,1,1,1541,2049,65,50,1,57,115,70,76,68,10,12,2,0,83,5,200,1564,864,576
1550,G_LIVE_PEACH_TREE,"Live Peach Tree",56,18300,0,1,1,7,327,1428,72,67,1,32,80,67,58,15,10,12,1,3,42,4,250,1100,520,570
1551,G_MARSE,Marse,31,5034,0,1,1,1,211,252,0,5,1,31,25,5,52,30,10,12,0,5,41,17,300,1956,756,528
1552,G_MIYABI_NINGYO,"Miyabi Ningyo",32,3520,0,1,1,1,220,260,50,50,45,15,36,10,48,15,10,12,1,1,29,17,200,1720,500,420
1553,G_MYST,Myst,38,3745,0,1,1,1,365,445,0,40,1,38,18,0,53,10,10,12,2,0,25,53,200,1576,576,384
1554,G_NIGHTMARE_TERROR,"Nightmare Terror",78,22605,0,1,1,1,757,1007,37,37,1,76,55,60,77,54,10,12,2,6,67,21,200,1564,864,576
1555,G_PARASITE,Parasite,37,3090,0,1,1,9,123,582,30,35,62,45,46,35,78,55,10,12,1,3,62,52,200,2492,392,842
1556,G_POISON_TOAD,"Poison Toad",61,8289,0,1,1,1,513,682,29,35,1,73,50,61,69,43,10,12,1,7,43,17,165,976,576,288
1557,G_ROTAR_ZAIRO,"Rotar Zairo",25,1209,0,1,1,10,109,137,4,34,1,62,45,48,55,5,10,12,1,0,44,5,200,1564,864,576
1558,G_SAND_MAN,"Sand Man",34,3413,0,1,1,1,180,205,10,25,24,34,58,38,60,5,10,12,1,0,62,5,250,1672,720,288
1559,G_SCORPIAN,Scorpian,24,1109,0,1,1,1,80,135,30,0,1,24,24,5,52,5,10,12,0,4,23,21,200,1564,864,576
1560,G_SHINOBA,Shinobi,26,2282,0,1,1,1,146,177,50,30,1,26,42,5,49,40,10,12,1,2,42,5,200,1480,480,720
1561,G_SMOKIE,Smokie,18,641,0,1,1,1,61,72,0,10,1,18,36,25,26,35,10,12,0,2,22,17,200,1576,576,420
1562,G_SOLDIER_SKELETON,"Soldier Skeleton",29,2334,0,1,1,1,221,245,10,15,1,15,22,5,40,15,10,12,1,1,29,5,200,2276,576,432
1563,G_TENGU,Tengu,51,4820,0,1,1,2,489,639,0,45,1,89,15,90,85,25,10,12,1,6,64,5,150,1056,1056,336
1564,G_WICKED_NYMPH,"Wicked Nymph",56,18300,0,1,1,1,327,1428,72,67,1,32,80,67,58,15,10,12,2,7,43,5,250,1100,520,570
1565,G_WILD_GINSING,"Wild Ginsing",62,13980,0,1,1,1,120,510,46,67,1,110,30,80,100,30,10,12,0,3,43,9,250,1100,520,570
1566,G_WRAITH_DEAD,"Wraith Dead",74,42131,0,1,1,2,1366,1626,25,30,5,99,55,95,89,45,10,12,2,1,89,53,175,1816,576,240
1567,G_ANCIENT_WORM,"Ancient Worm",67,22131,0,1,1,1,947,1115,35,30,5,35,56,55,81,72,10,12,2,4,25,53,165,1792,792,336
1568,G_ANGELING,Angeling,20,55000,0,1,1,1,108,168,30,75,1,50,20,1,68,80,10,10,1,8,86,21,200,1272,672,672
1569,G_BLOODY_KNIGHT,"Bloody Knight",82,57870,0,1,1,3,2150,3030,60,50,88,75,70,77,125,55,10,12,2,0,87,21,250,828,528,192
1570,G_CRAMP,Cramp,56,4720,0,1,1,1,395,465,0,5,1,85,35,5,65,60,10,12,0,2,45,5,100,1000,500,1000
1571,G_DEVIECE,Deviece,47,19192,0,1,1,1,514,674,10,20,1,47,62,48,62,25,10,12,1,5,81,17,400,1680,480,384
1572,G_DROPS,Drops,3,55,0,1,1,1,10,13,0,0,1,3,3,0,12,15,10,12,1,3,23,3,400,1372,672,480
1573,G_ELDER,Elder,64,21592,0,1,1,3,421,560,45,68,1,76,68,142,72,86,10,12,2,7,80,5,200,1564,864,576
1574,G_ELDER_WILLOW,"Elder Willow",20,693,0,1,1,1,58,70,10,30,1,20,25,35,38,30,10,12,1,3,43,5,200,1372,672,432
1575,G_FLORA,Flora,26,2092,0,1,1,3,242,273,10,35,1,26,35,5,43,80,10,12,2,3,22,4,1000,1432,432,576
1576,G_GHOSTRING,Ghostring,18,73300,0,1,1,1,82,122,0,60,40,27,18,45,72,30,10,12,1,6,88,53,300,1220,1080,648
1577,G_GOBLIN_ARCHER,"Goblin Archer",28,1750,0,1,1,9,89,113,0,0,10,15,20,15,72,20,10,12,0,7,25,5,200,1172,672,420
1578,G_HOORONG,Hoorong,34,1939,0,1,1,1,275,327,99,50,1,34,10,0,50,0,10,12,0,0,83,13,400,1888,1152,828
1579,G_HYDRA,Hydra,14,660,0,1,1,7,22,28,0,40,1,14,14,0,40,2,10,12,0,3,41,4,1000,800,432,600
1580,G_INCUBUS,Incubus,75,17281,0,1,1,2,1408,1873,58,46,1,97,95,150,89,87,10,12,1,6,67,5,200,1564,864,576
1581,G_VOCAL,Vocal,18,2956,0,1,1,1,71,82,12,6,1,28,36,1,53,18,10,10,1,4,22,21,200,1080,648,480
1582,DEVILING,Deviling,31,64500,0,211,412,1,135,270,5,70,1,1,1,1,1,1,10,10,1,6,87,21,200,1272,672,672
1583,TAO_GUNKA,"Tao Gunka",70,19300,0,59175,10445,1,1450,1770,79,74,23,32,10,74,52,30,10,12,1,6,22,21,400,1200,672,480
1584,TAMRUAN,Tamruan,52,10234,0,3812,55,1,489,534,38,94,65,9,80,65,120,30,10,12,2,6,67,5,200,900,672,480
1585,MIME_MONKEY,"Mime Monkey",33,15480,0,2312,531,1,420,589,9,7,17,43,15,21,60,30,10,12,1,2,40,9,250,1872,672,480
1586,LEAF_CAT,"Leaf Cat",38,2396,0,165,1212,1,266,307,12,51,14,43,3,73,56,30,10,12,1,2,22,3,190,1000,572,480
1587,KRABEN,Kraben,50,5880,0,257,1652,1,125,765,1,66,15,15,4,16,27,30,10,12,1,0,48,5,130,1872,672,480
1588,XMAS_ORC,"Orc Warrior",24,1400,0,261,160,1,104,126,10,5,1,24,48,25,34,10,10,12,1,7,22,5,200,1864,864,288
1589,G_MANDRAGORA,Mandragora,12,405,0,1,1,4,26,35,0,25,1,12,24,0,36,15,10,12,1,3,62,4,1000,1768,768,576
1590,G_GEOGRAPHER,Geographer,56,8071,0,1,1,3,467,621,28,26,1,67,47,60,68,44,10,12,1,3,62,4,200,1564,864,576
1591,G_LUNATIC,Lunatic,3,60,0,1,1,1,9,12,0,20,1,3,3,10,8,60,10,12,0,2,60,1,200,1456,456,336
1592,G_MOBSTER,Mobster,61,11347,0,1,1,1,910,1128,41,37,76,46,20,35,76,55,10,12,1,7,20,53,250,1100,560,580
1593,G_ANCIENT_MUMMY2,"Ancient Mummy",1,50,0,1,1,1,7,10,0,5,1,1,1,0,6,30,10,12,1,3,21,3,400,1872,672,480
1594,G_FREEZER,Freezer,72,12263,0,1,1,2,672,984,55,43,69,41,59,5,67,100,10,12,1,2,41,53,250,1452,483,528
1595,G_MARIN,Marin,15,742,0,1,1,1,39,43,0,10,1,10,10,5,35,15,10,12,1,3,41,1,400,1872,672,480
1596,G_TAMRUAN,Tamruan,56,55210,0,1,1,1,800,1000,54,10,65,9,80,1,120,30,10,12,2,6,87,5,300,1100,672,480
1597,G_GARGOYLE,Gargoyle,48,3950,0,1,1,9,290,360,10,10,15,61,20,20,126,40,10,12,1,6,64,5,200,1020,720,384
1598,G_BLAZZER,Blazzer,43,8252,0,1,1,2,533,709,50,40,1,52,50,39,69,40,10,12,0,6,43,5,200,1564,864,576
1599,G_WHISPER_BOSS,"Whisper Boss",1,50,0,1,1,1,7,10,0,5,1,1,1,0,6,30,10,12,1,3,21,3,400,1872,672,480
1600,G_HEATER,Heater,68,15648,0,1,1,2,682,1007,40,42,69,47,25,5,71,100,10,12,1,2,43,53,250,1452,483,528
1601,G_PERMETER,Permeter,63,11684,0,1,1,2,943,1212,46,45,69,59,60,5,69,100,10,12,1,2,40,17,250,1100,483,528
1602,G_SOLIDER,Soldier,1,50,0,1,1,1,7,10,0,5,1,1,1,0,6,30,10,12,1,3,21,3,400,1872,672,480
1603,G_BIGFOOT,Bigfoot,25,1619,0,1,1,1,198,220,10,0,1,25,55,15,20,25,10,12,2,2,22,1,300,1260,192,192
1604,G_GIANT_HONET,"Giant Hornet",56,12834,0,1,1,1,650,851,38,43,35,38,32,10,71,64,10,12,0,4,24,53,155,1292,792,340
1605,G_DARK_ILLUSION,"Dark Illusion",77,101487,0,1,1,2,1300,1982,64,70,5,100,40,100,97,40,10,12,2,6,89,53,145,1024,768,480
1606,G_BABY_GARM,"Baby Garm",61,20199,0,1,1,1,680,1179,34,13,0,30,0,0,85,0,10,12,1,2,41,5,400,608,408,336
1607,G_GOBLINE_XMAS,"Goblin Xmas",25,1176,0,1,1,1,118,140,10,5,1,53,25,20,38,45,10,12,1,7,24,53,100,1120,620,240
1608,G_THIEF_BUG_MALE,"Thief Bug Male",19,583,0,1,1,1,76,88,15,5,1,29,16,5,36,0,10,12,1,4,27,13,300,988,288,768
1609,G_DANCING_DRAGON,"Dancing Dragon",54,9136,0,1,1,1,550,789,39,10,62,45,55,25,78,10,10,12,1,6,67,3,200,2492,392,842
1613,METALING,Metaling,1,50,0,2,1,1,7,10,0,5,1,1,1,0,6,30,10,12,1,3,21,3,400,1872,672,480
1614,MINERAL,Mineral,1,50,0,2,1,1,7,10,0,5,1,1,1,0,6,30,10,12,1,3,21,3,400,1872,672,480
1615,OBSIDIAN,Obsidian,1,50,0,2,1,1,7,10,0,5,1,1,1,0,6,30,10,12,1,3,21,3,400,1872,672,480
1616,PITMAN,Pitman,1,50,0,2,1,1,7,10,0,5,1,1,1,0,6,30,10,12,1,3,21,3,400,1872,672,480
1617,WASTE_STOVE,"Waste Stove",1,50,0,2,1,1,7,10,0,5,1,1,1,0,6,30,10,12,1,3,21,3,400,1872,672,480
1618,UNGOLIANT,Ungoliant,1,50,0,2,1,1,7,10,0,5,1,1,1,0,6,30,10,12,1,3,21,3,400,1872,672,480
1619,PORCELLIO,Porcellio,1,50,0,2,1,1,7,10,0,5,1,1,1,0,6,30,10,12,1,3,21,3,400,1872,672,480
1620,NOXIOUS,Noxious,1,50,0,2,1,1,7,10,0,5,1,1,1,0,6,30,10,12,1,3,21,3,400,1872,672,480
1621,VENOMOUS,Venomous,1,50,0,2,1,1,7,10,0,5,1,1,1,0,6,30,10,12,1,3,21,3,400,1872,672,480
1622,TEDDY_BEAR,"Teddy Bear",1,50,0,2,1,1,7,10,0,5,1,1,1,0,6,30,10,12,1,3,21,3,400,1872,672,480
1623,RSX_0806,"RSX 0806",1,50,0,2,1,1,7,10,0,5,1,1,1,0,6,30,10,12,1,3,21,3,400,1872,672,480
