ID,Name,JName,SType,MLV,SP1,SP2,SP3,SP4,SP5,SP6,SP7,SP8,SP9,SP10,Delay1,Delay2,Delay3,Delay4,Delay5,Delay6,Delay7,Delay8,Delay9,Delay10,HP,JLevel,Item1,Item1Count,Item2,Item2Count,Item3,Item3Count,Item4,Item4Count,Item5,Item5Count,Item6,Item6Count,Item7,Item7Count,Cast,CastLv+,CastLim,Range,Ele,Dat1_1,Dat1_2,Dat1_3,Dat1_4,Dat1_5,Dat1_6,Dat1_7,Dat1_8,Dat1_9,Dat1_10,Dat2_1,Dat2_2,Dat2_3,Dat2_4,Dat2_5,Dat2_6,Dat2_7,Dat2_8,Dat2_9,Dat2_10,Dat3_1,Dat3_2,Dat3_3,Dat3_4,Dat3_5,Dat3_6,Dat3_7,Dat3_8,Dat3_9,Dat3_10,Dat4_1,Dat4_2,Dat4_3,Dat4_4,Dat4_5,Dat4_6,Dat4_7,Dat4_8,Dat4_9,Dat4_10,Range2,Icon,Job,JobA,JobB,Req1_1,RLV1_1,Req2_1,RLV2_1,Req3_1,RLV3_1,Req4_1,RLV4_1,Req5_1,RLV5_1,Req2_1,RLV2_1,Req2_2,RLV2_2,Req2_3,RLV2_3,Req2_4,RLV2_4,Req2_5,RLV2_5 
1,NV_BASIC,NV_BASIC,0,9,,,,,,,,,,,,,,,,,,,,,,,,,,,,,,,,,,,,,,,,,,,,,,,,,,,,,,,,,,,,,,,,,,,,,,,,,,,,,,,,,,,,10477567,,,,,,,,,,,,,,,,,,,,,,
2,SM_SWORD,SM_SWORD,0,10,,,,,,,,,,,,,,,,,,,,,,,,,,,,,,,,,,,,,,,,,,4,8,12,16,20,24,28,32,36,40,,,,,,,,,,,,,,,,,,,,,,,,,,,,,,,,,8798338,,,,,,,,,,,,,,,,,,,,,,
3,SM_TWOHAND,SM_TWOHAND,0,10,,,,,,,,,,,,,,,,,,,,,,,,,,,,,,,,,,,,,,,,,,4,8,12,16,20,24,28,32,36,40,,,,,,,,,,,,,,,,,,,,,,,,,,,,,,,,,16514,,,2,1,,,,,,,,,,,,,,,,,,
4,SM_RECOVERY,SM_RECOVERY,0,10,,,,,,,,,,,,,,,,,,,,,,,,,,,,,,,,,,,,,,,,,,5,10,15,20,25,30,35,40,45,50,2,10,,,,,,,,,,,,,,,,,,,,,,,,,,,,,,,8405122,,,,,,,,,,,,,,,,,,,,,,
5,SM_BASH,SM_BASH,1,10,8,8,8,8,8,15,15,15,15,15,,,,,,,,,,,,,,,,,,,,,,,,,,,,,,1,,130,160,190,220,250,280,310,340,370,400,10,10,10,10,10,20,20,20,20,20,,,,,,,,,,,,,,,,,,,,,,,8405122,,,,,,,,,,,,,,,,,,,,,,
6,SM_PROVOKE,SM_PROVOKE,1,10,4,5,6,7,8,9,10,11,12,13,,,,,,,,,,,,,,,,,,,,,,,,,,,,,,6,,102,104,106,108,110,112,114,116,118,120,94,88,82,76,70,64,58,52,46,40,,,,,,,,,,,,,,,,,,,,,,1,8405122,,,,,,,,,,,,,,,,,,,,,,
7,SM_MAGNUM,SM_MAGNUM,1,10,30,30,30,30,30,30,30,30,30,30,2000,2000,2000,2000,2000,2000,2000,2000,2000,2000,15,,,,,,,,,,,,,,,,,,,1,3,120,125,130,135,140,145,150,155,160,165,70,75,80,85,90,95,100,105,110,115,,,,,,,,,,,,,,,,,,,,,5,,8405122,,,5,5,,,,,,,,,,,,,,,,,,
8,SM_ENDURE,SM_ENDURE,4,10,10,10,10,10,10,10,10,10,10,10,10000,10000,10000,10000,1000,10000,10000,10000,10000,10000,,,,,,,,,,,,,,,,,,,,,,10,13,16,19,22,25,28,31,34,37,,,,,,,,,,,,,,,,,,,,,,,,,,,,,,,,1,8405122,,,6,5,,,,,,,,,,,,,,,,,,
9,MG_SRECOVERY,MG_SRECOVERY,0,10,,,,,,,,,,,,,,,,,,,,,,,,,,,,,,,,,,,,,,,,,,3,6,9,12,15,18,21,24,27,30,,,,,,,,,,,,,,,,,,,,,,,,,,,,,,,,,8454916,,,,,,,,,,,,,,,,,,,,,,
10,MG_SIGHT,MG_SIGHT,4,1,10,,,,,,,,,,,,,,,,,,,,,,,,,,,,,,,,,,,,,,,7,,10,,,,,,,,,,,,,,,,,,,,,,,,,,,,,,,,,,,,,,,,,,8454660,,,,,,,,,,,,,,,,,,,,,,
11,MG_NAPALMBEAT,MG_NAPALMBEAT,1,10,9,9,9,9,9,9,9,9,9,9,,,,,,,,,,,,,,,,,,,,,,,,,,,500,,,9,8,80,90,100,110,120,130,140,150,160,170,1,1,1,1,1,1,1,1,1,1,,,,,,,,,,,,,,,,,,,,,3,,8454660,,,,,,,,,,,,,,,,,,,,,,
12,MG_SAFETYWALL,MG_SAFETYWALL,2,10,30,30,30,35,35,35,40,40,40,40,,,,,,,,,,,,,717,1,,,,,,,,,,,,,4500,-500,1000,9,,5,10,15,20,25,30,35,40,45,50,3,4,5,6,7,8,9,10,11,12,,,,,,,,,,,,,,,,,,,,,,,8454916,,,11,7,13,5,,,,,,,68,4,70,3,,,,,,
13,MG_SOULSTRIKE,MG_SOULSTRIKE,1,10,15,18,22,24,27,30,33,36,39,42,,,,,,,,,,,,,,,,,,,,,,,,,,,500,,,9,8,100,100,100,100,100,100,100,100,100,100,1,1,2,2,3,3,4,4,5,5,,,,,,,,,,,,,,,,,,,,,,,8454660,,,11,4,,,,,,,,,,,,,,,,,,
14,MG_COLDBOLT,MG_COLDBOLT,1,10,12,14,16,18,20,22,24,26,28,30,,,,,,,,,,,,,,,,,,,,,,,,,,,,700,,9,1,100,100,100,100,100,100,100,100,100,100,1,2,3,4,5,6,7,8,9,10,,,,,,,,,,,,,,,,,,,,,,,8454660,,,,,,,,,,,,,,,,,,,,,,
15,MG_FROSTDIVER,MG_FROSTDIVER,1,10,25,24,23,22,21,20,19,18,17,16,,,,,,,,,,,,,,,,,,,,,,,,,,,1000,,,9,1,38,41,44,47,50,53,56,59,62,65,3,6,9,12,15,18,21,24,27,30,,,,,,,,,,,,,,,,,,,,,,,8454660,,,14,5,,,,,,,,,,,,,,,,,,
16,MG_STONECURSE,MG_STONECURSE,1,10,25,24,23,22,21,20,19,18,17,16,,,,,,,,,,,,,716,1,,,,,,,,,,,,,1000,,,1,2,24,28,32,36,40,44,48,52,56,60,30,30,30,30,30,30,30,30,30,30,,,,,,,,,,,,,,,,,,,,,,,8454660,,,,,,,,,,,,,,,,,,,,,,
17,MG_FIREBALL,MG_FIREBALL,1,10,25,25,25,25,25,25,25,25,25,25,,,,,,,,,,,,,,,,,,,,,,,,,,,1600,,,9,3,100,105,110,115,120,125,130,135,140,145,1,1,1,1,1,1,1,1,1,1,,,,,,,,,,,,,,,,,,,,,2,,8454660,,,19,4,,,,,,,,,,,,,,,,,,
18,MG_FIREWALL,MG_FIREWALL,2,10,40,40,40,40,40,40,40,40,40,40,,,,,,,,,,,,,,,,,,,,,,,,,,,2150,-150,,9,3,50,50,50,50,50,50,50,50,50,50,5,6,7,8,9,10,11,12,13,14,,,,,,,,,,,,,,,,,,,,,,,8454660,,,17,5,10,1,,,,,,,,,,,,,,,,
19,MG_FIREBOLT,MG_FIREBOLT,1,10,12,14,16,18,20,22,24,26,28,30,,,,,,,,,,,,,,,,,,,,,,,,,,,,700,,9,3,100,100,100,100,100,100,100,100,100,100,1,2,3,4,5,6,7,8,9,10,,,,,,,,,,,,,,,,,,,,,,,8454660,,,,,,,,,,,,,,,,,,,,,,
20,MG_LIGHTNINGBOLT,MG_LIGHTNINGBOLT,1,10,12,14,16,18,20,22,24,26,28,30,,,,,,,,,,,,,,,,,,,,,,,,,,,,700,,9,4,100,100,100,100,100,100,100,100,100,100,1,2,3,4,5,6,7,8,9,10,,,,,,,,,,,,,,,,,,,,,,,8454660,,,,,,,,,,,,,,,,,,,,,,
21,MG_THUNDERSTORM,MG_THUNDERSTORM,2,10,29,34,39,44,49,54,59,64,69,74,,,,,,,,,,,,,,,,,,,,,,,,,,,,1000,,9,4,80,80,80,80,80,80,80,80,80,80,1,2,3,4,5,6,7,8,9,10,,,,,,,,,,,,,,,,,,,,,4,,8454660,,,20,4,,,,,,,,,,,,,,,,,,
22,AL_DP,AL_DP,0,10,,,,,,,,,,,,,,,,,,,,,,,,,,,,,,,,,,,,,,,,,,3,6,9,12,15,18,21,24,27,30,,,,,,,,,,,,,,,,,,,,,,,,,,,,,,,,,8438032,,,,,,,,,,,,,,,,,,,,,,
23,AL_DEMONBANE,AL_DEMONBANE,0,10,,,,,,,,,,,,,,,,,,,,,,,,,,,,,,,,,,,,,,,,,,3,6,9,12,15,18,21,24,27,30,,,,,,,,,,,,,,,,,,,,,,,,,,,,,,,,,8438032,,,22,3,,,,,,,,,,,,,,,,,,
24,AL_RUWACH,AL_RUWACH,4,1,10,,,,,,,,,,,,,,,,,,,,,,,,,,,,,,,,,,,,,,,5,,10,,,,,,,,,,,,,,,,,,,,,,,,,,,,,,,,,,,,,,,,,,8421648,,,,,,,,,,,,,,,,,,,,,,
25,AL_PNEUMA,AL_PNEUMA,2,1,10,,,,,,,,,,,,,,,,,,,,,,,,,,,,,,,,,,,,,,,9,,10,,,,,,,,,,,,,,,,,,,,,,,,,,,,,,,,,,,,,,,,,,8421648,,,27,4,,,,,,,,,,,,,,,,,,
26,AL_TELEPORT,AL_TELEPORT,4,2,10,9,,,,,,,,,,,,,,,,,,,,,,,,,,,,,,,,,,,,,,,,,,,,,,,,,,,,,,,,,,,,,,,,,,,,,,,,,,,,,,,,,,8421648,,,24,1,,,,,,,,,,,,,,,,,,
27,AL_WARP,AL_WARP,2,4,35,32,29,26,,,,,,,,,,,,,,,,,,,,,,,,,,,,,,,,,1000,,,9,,,1,2,3,,,,,,,7,8,9,10,,,,,,,,,,,,,,,,,,,,,,,,,,,,,8421648,,,26,2,,,,,,,,,,,,,,,,,,
28,AL_HEAL,AL_HEAL,16,10,13,16,19,22,25,28,31,34,37,40,,,,,,,,,,,,,,,,,,,,,,,,,,,,,,9,,12,20,28,36,44,52,60,68,76,84,,,,,,,,,,,,,,,,,,,,,,,,,,,,,,,,,8438032,,,,,,,,,,,,,,,,,,,,,,
29,AL_INCAGI,AL_INCAGI,16,10,23,26,29,32,35,38,41,44,47,50,,,,,,,,,,,,,,,,,,,,,,,,,,,1000,,,9,,75,90,105,120,135,150,165,180,195,210,3,4,5,6,7,8,9,10,11,12,,,,,,,,,,,,,,,,,,,,,,12,8421648,,,28,3,,,,,,,,,,,,,,,,,,
30,AL_DECAGI,AL_DECAGI,16,10,23,26,29,32,35,38,41,44,47,50,,,,,,,,,,,,,,,,,,,,,,,,,,,1000,,,9,,75,90,105,120,135,150,165,180,195,210,3,4,5,6,7,8,9,10,11,12,,,,,,,,,,,,,,,,,,,,,,13,8421648,,,29,1,,,,,,,,,,,,,,,,,,
31,AL_HOLYWATER,AL_HOLYWATER,4,1,10,,,,,,,,,,2000,,,,,,,,,,,,713,1,,,,,,,,,,,,,,,,,,,,,,,,,,,,,,,,,,,,,,,,,,,,,,,,,,,,,,,,,,,,8421648,,,,,,,,,,,,,,,,,,,,,,
32,AL_CRUCIS,AL_CRUCIS,4,10,35,35,35,35,35,35,35,35,35,35,,,,,,,,,,,,,,,,,,,,,,,,,,,,,,9,,130,160,190,220,250,280,310,340,370,400,12,14,16,18,20,22,24,26,28,30,,,,,,,,,,,,,,,,,,,,,9,,8421648,,,23,3,,,,,,,,,,,,,,,,,,
33,AL_ANGELUS,AL_ANGELUS,4,10,23,26,29,32,35,38,41,44,47,50,,,,,,,,,,,,,,,,,,,,,,,,,,,3000,,,,,30,60,90,120,150,180,210,240,270,300,115,120,125,130,135,140,145,150,155,160,,,,,,,,,,,,,,,,,,,,,,9,8421648,,,22,3,,,,,,,,,,,,,,,,,,
34,AL_BLESSING,AL_BLESSING,16,10,28,32,36,40,44,48,52,56,60,64,,,,,,,,,,,,,,,,,,,,,,,,,,,,,,9,,60,80,100,120,140,160,180,200,220,240,1,2,3,4,5,6,7,8,9,10,,,,,,,,,,,,,,,,,,,,,,10,8421648,,,22,5,,,,,,,,,,,,,,,,,,
35,AL_CURE,AL_CURE,16,1,15,,,,,,,,,,,,,,,,,,,,,,,,,,,,,,,,,,,,,,,9,,,,,,,,,,,,,,,,,,,,,,,,,,,,,,,,,,,,,,,,,,,,8438032,,,,,,,,,,,,,,,,,,,,,,
36,MC_INCCARRY,MC_INCCARRY,0,10,,,,,,,,,,,,,,,,,,,,,,,,,,,,,,,,,,,,,,,,,,200,400,600,800,1000,1200,1400,1600,1800,2000,,,,,,,,,,,,,,,,,,,,,,,,,,,,,,,,,8651808,,,,,,,,,,,,,,,,,,,,,,
37,MC_DISCOUNT,MC_DISCOUNT,0,10,,,,,,,,,,,,,,,,,,,,,,,,,,,,,,,,,,,,,,,,,,93,91,89,87,85,83,81,79,77,76,,,,,,,,,,,,,,,,,,,,,,,,,,,,,,,,,8651808,,,36,3,,,,,,,,,,,,,,,,,,
38,MC_OVERCHARGE,MC_OVERCHARGE,0,10,,,,,,,,,,,,,,,,,,,,,,,,,,,,,,,,,,,,,,,,,,107,109,111,113,115,117,119,121,123,124,,,,,,,,,,,,,,,,,,,,,,,,,,,,,,,,,8651808,,,37,3,,,,,,,,,,,,,,,,,,
39,MC_PUSHCART,MC_PUSHCART,0,10,,,,,,,,,,,,,,,,,,,,,,,,,,,,,,,,,,,,,,,,,,27,24,21,18,15,12,9,6,3,,55,60,65,70,75,80,85,90,95,100,,,,,,,,,,,,,,,,,,,,,,,8651808,,,36,5,,,,,,,,,,,,,,,,,,
40,MC_IDENTIFY,MC_IDENTIFY,4,1,10,,,,,,,,,,,,,,,,,,,,,,,,,,,,,,,,,,,,,,,,,,,,,,,,,,,,,,,,,,,,,,,,,,,,,,,,,,,,,,,,,,,8651808,,,,,,,,,,,,,,,,,,,,,,
41,MC_VENDING,MC_VENDING,4,10,30,30,30,30,30,30,30,30,30,30,,,,,,,,,,,,,,,,,,,,,,,,,,,,,,,,3,4,5,6,7,8,9,10,11,12,,,,,,,,,,,,,,,,,,,,,,,,,,,,,,,,,8651808,,,39,3,,,,,,,,,,,,,,,,,,
42,MC_MAMMONITE,MC_MAMMONITE,1,10,5,5,5,5,5,5,5,5,5,5,,,,,,,,,,,,,,,,,,,,,,,,,,,,,,1,,150,200,250,300,350,400,450,500,550,600,100,200,300,400,500,600,700,800,900,1000,,,,,,,,,,,,,,,,,,,,,,,8651808,,,,,,,,,,,,,,,,,,,,,,
43,AC_OWL,AC_OWL,0,10,,,,,,,,,,,,,,,,,,,,,,,,,,,,,,,,,,,,,,,,,,1,2,3,4,5,6,7,8,9,10,,,,,,,,,,,,,,,,,,,,,,,,,,,,,,,,,1574920,,,,,,,,,,,,,,,,,,,,,,
44,AC_VULTURE,AC_VULTURE,0,10,,,,,,,,,,,,,,,,,,,,,,,,,,,,,,,,,,,,,,,,,,1,2,3,4,5,6,7,8,9,10,1,2,3,4,5,6,7,8,9,10,,,,,,,,,,,,,,,,,,,,,,,1705992,,,43,3,,,,,,,,,210,1,,,,,,,,
45,AC_CONCENTRATION,AC_CONCENTRATION,4,10,25,30,35,40,45,50,55,60,65,70,,,,,,,,,,,,,,,,,,,,,,,,,,,,,,,,60,80,100,120,140,160,180,200,220,240,3,4,5,6,7,8,9,10,11,12,,,,,,,,,,,,,,,,,,,,,,3,9963528,,,44,1,,,,,,,,,,,,,,,,,,
46,AC_DOUBLE,AC_DOUBLE,1,10,12,12,12,12,12,12,12,12,12,12,100,100,100,100,100,100,100,100,100,100,,,,,,,,,,,,,,,,,,,,15,,100,110,120,130,140,150,160,170,180,190,,,,,,,,,,,,,,,,,,,,,,,,,,,,,,,,,1705992,,,,,,,,,,,,,,,,,,,,,,
47,AC_SHOWER,AC_SHOWER,1,10,15,15,15,15,15,15,15,15,15,15,100,100,100,100,100,100,100,100,100,100,,,,,,,,,,,,,,,,,,,,9,,80,85,90,95,100,105,110,115,120,125,80,85,90,95,100,105,110,115,120,125,,,,,,,,,,,,,,,,,,,,,6,,1574920,,,46,5,,,,,,,,,,,,,,,,,,
48,TF_DOUBLE,TF_DOUBLE,0,10,,,,,,,,,,,,,,,,,,,,,,,,,,,,,,,,,,,,,,,,,,5,10,15,20,25,30,35,40,45,50,100,100,100,100,100,100,100,100,100,100,,,,,,,,,,,,,,,,,,,,,,,8523840,,,,,,,,,,,,,,,,,,,,,,
49,TF_MISS,TF_MISS,0,10,,,,,,,,,,,,,,,,,,,,,,,,,,,,,,,,,,,,,,,,,,3,6,9,12,15,18,21,24,27,30,,,,,,,,,,,,,,,,,,,,,,,,,,,,,,,,,8523840,,,,,,,,,,,,,,,,,,,,,,
50,TF_STEAL,TF_STEAL,1,10,10,10,10,10,10,10,10,10,10,10,,,,,,,,,,,,,,,,,,,,,,,,,,,,,,1,,25,30,35,40,45,50,55,60,65,70,,,,,,,,,,,,,,,,,,,,,,,,,,,,,,,,,8523840,,,,,,,,,,,,,,,,,,,,,,
51,TF_HIDING,TF_HIDING,4,10,10,10,10,10,10,10,10,10,10,10,,,,,,,,,,,,,,,,,,,,,,,,,,,,,,,,30,60,90,120,150,180,210,240,270,300,,,,,,,,,,,,,,,,,,,,,,,,,,,,,,,,4,8523840,,,50,5,,,,,,,,,,,,,,,,,,
52,TF_POISON,TF_POISON,1,10,12,12,12,12,12,12,12,12,12,12,,,,,,,,,,,,,,,,,,,,,,,,,,,,,,3,5,115,130,145,160,175,190,205,220,235,250,,,,,,,,,,,,,,,,,,,,,,,,,,,,,,,,,8523840,,,,,,,,,,,,,,,,,,,,,,
53,TF_DETOXIFY,TF_DETOXIFY,16,1,10,,,,,,,,,,,,,,,,,,,,,,,,,,,,,,,,,,,,,,,1,,,,,,,,,,,,,,,,,,,,,,,,,,,,,,,,,,,,,,,,,,,,8523840,,,52,3,,,,,,,,,,,,,,,,,,
54,ALL_RESURRECTION,ALL_RESURRECTION,16,4,60,60,60,60,,,,,,,,1000,2000,3000,,,,,,,,,717,1,,,,,,,,,,,,,6000,,,9,,,15,30,50,,,,,,,,,,,,,,,,,,,,,,,,,,,,,,,,,,,,,,,256,,,,,,,,,,,,,,,,,,,,,,
55,KN_SPEARMASTERY,KN_SPEARMASTERY,0,10,,,,,,,,,,,,,,,,,,,,,,,,,,,,,,,,,,,,,,,,,,4,8,12,16,20,24,28,32,36,40,5,10,15,20,25,30,35,40,45,50,,,,,,,,,,,,,,,,,,,,,,,16512,,,,,,,,,,,,,,,,,,,,,,
56,KN_PIERCE,KN_PIERCE,1,10,7,7,7,7,7,7,7,7,7,7,,,,,,,,,,,,,,,,,,,,,,,,,,,,,,1,,110,120,130,140,150,160,170,180,190,200,,,,,,,,,,,,,,,,,,,,,,,,,,,,,,,,,128,,,55,1,,,,,,,,,,,,,,,,,,
57,KN_BRANDISHSPEAR,KN_BRANDISHSPEAR,1,10,12,12,12,12,12,12,12,12,12,12,,,,,,,,,,,,,,,,,,,,,,,,,,,,,,1,,120,140,160,180,200,220,240,260,280,300,1,1,1,2,2,2,3,3,3,4,,,,,,,,,,,,,,,,,,,,,4,,128,,,,,,,,,,,,,,,,,,,,,,
58,KN_SPEARSTAB,KN_SPEARSTAB,1,10,9,9,9,9,9,9,9,9,9,9,,,,,,,,,,,,,,,,,,,,,,,,,,,,,,1,,115,130,145,160,175,190,205,220,235,250,4,,,,,,,,,,,,,,,,,,,,,,,,,,,,,,,,128,,,56,5,,,,,,,,,,,,,,,,,,
59,KN_SPEARBOOMERANG,KN_SPEARBOOMERANG,1,5,10,10,10,10,10,,,,,,,,,,,,,,,,,,,,,,,,,,,,,,,,,,,9,,150,200,250,300,350,,,,,,3,5,7,9,11,,,,,,,,,,,,,,,,,,,,,,,,,,,,128,,,56,3,,,,,,,,,,,,,,,,,,
60,KN_TWOHANDQUICKEN,KN_TWOHANDQUICKEN,4,10,14,18,22,26,30,34,38,42,46,50,,,,,,,,,,,,,,,,,,,,,,,,,,,,,,,,30,60,90,120,150,180,210,240,270,300,,,,,,,,,,,,,,,,,,,,,,,,,,,,,,,,2,128,,,3,1,,,,,,,,,,,,,,,,,,
61,KN_AUTOCOUNTER,KN_AUTOCOUNTER,4,5,3,3,3,3,3,,,,,,,,,,,,,,,,,,,,,,,,,,,,,,,,,,,1,,3,6,9,12,15,,,,,,,,,,,,,,,,,,,,,,,,,,,,,,,,,,,,,,128,,,3,1,,,,,,,,,,,,,,,,,,
62,KN_BOWLINGBASH,KN_BOWLINGBASH,1,10,13,14,15,16,17,18,19,20,21,22,,,,,,,,,,,,,,,,,,,,,,,,,,,,,,1,,150,200,250,300,350,400,450,500,550,600,,,,,,,,,,,,,,,,,,,,,,,,,,,,,,,2,,128,,,3,5,5,10,7,3,60,10,61,5,,,,,,,,,,
63,KN_RIDING,KN_RIDING,0,1,,,,,,,,,,,,,,,,,,,,,,,,,,,,,,,,,,,,,,,,,,,,,,,,,,,,,,,,,,,,,,,,,,,,,,,,,,,,,,,,,,,27,16512,,,8,1,,,,,,,,,,,,,,,,,,
64,KN_CAVALIERMASTERY,KN_CAVALIERMASTERY,0,5,,,,,,,,,,,,,,,,,,,,,,,,,,,,,,,,,,,,,,,,,,60,70,80,90,100,,,,,,,,,,,,,,,,,,,,,,,,,,,,,,,,,,,,,,16512,,,63,1,,,,,,,,,,,,,,,,,,
65,PR_MACEMASTERY,PR_MACEMASTERY,0,10,,,,,,,,,,,,,,,,,,,,,,,,,,,,,,,,,,,,,,,,,,3,6,9,12,15,18,21,24,27,30,,,,,,,,,,,,,,,,,,,,,,,,,,,,,,,,,256,,,,,,,,,,,,,,,,,,,,,,
66,PR_IMPOSITIO,PR_IMPOSITIO,16,5,13,16,19,22,25,,,,,,,,,,,,,,,,,,,,,,,,,,,,,,,,,,,9,,60,60,60,60,60,30,30,30,30,30,15,30,45,,,,,,,,,,,,,,,,,,,,,,,,,,,,,15,256,,,,,,,,,,,,,,,,,,,,,,
67,PR_SUFFRAGIUM,PR_SUFFRAGIUM,1,3,8,8,8,,,,,,,,,,,,,,,,,,,,,,,,,,,,,,,,,,,,,9,,30,20,10,,,,,,,,,,,,,,,,,,,,,,,,,,,,,,,,,,,,,,,16,256,,,66,2,,,,,,,,,,,,,,,,,,
68,PR_ASPERSIO,PR_ASPERSIO,16,5,14,18,22,25,30,,,,,,,,,,,,,,,,,,523,1,,,,,,,,,,,,,,,,9,,60,90,120,150,180,,,,,,,,,,,,,,,,,,,,,,,,,,,,,,,,,,,,,17,256,,,31,1,66,3,,,,,,,,,,,,,,,,
69,PR_BENEDICTIO,PR_BENEDICTIO,4,5,20,20,20,20,20,,,,,,,,,,,,,,,,,,,,,,,,,,,,,,,,,,,,,40,80,120,160,200,,,,,,,,,,,,,,,,,,,,,,,,,,,,,,,,,,,,,18,256,,,68,5,75,3,,,,,,,,,,,,,,,,
70,PR_SANCTUARY,PR_SANCTUARY,2,10,15,18,21,24,27,30,33,36,39,40,,,,,,,,,,,,,717,1,,,,,,,,,,,,,5000,,,6,,4,7,10,13,16,19,22,25,28,31,100,200,300,400,500,600,777,777,777,777,,,,,,,,,,,,,,,,,,,,,,,256,,,28,1,,,,,,,,,,,,,,,,,,
71,PR_SLOWPOISON,PR_SLOWPOISON,4,5,35,32,29,26,,,,,,,,,,,,,,,,,,,,,,,,,,,,,,,,,,,,9,,10,20,30,40,50,,,,,,,,,,,,,,,,,,,,,,,,,,,,,,,,,,,,,14,256,,,,,,,,,,,,,,,,,,,,,,
72,PR_STRECOVERY,PR_STRECOVERY,16,1,5,,,,,,,,,,,,,,,,,,,,,,,,,,,,,,,,,,,,,,,9,,,,,,,,,,,,,,,,,,,,,,,,,,,,,,,,,,,,,,,,,,,,256,,,,,,,,,,,,,,,,,,,,,,
73,PR_KYRIE,PR_KYRIE,16,10,20,20,20,25,25,25,30,30,30,35,,,,,,,,,,,,,,,,,,,,,,,,,,,1000,,,9,,120,120,120,120,120,120,120,120,120,120,,,,,,,,,,,,,,,,,,,,,,,,,,,,,,,,19,256,,,33,2,,,,,,,,,,,,,,,,,,
74,PR_MAGNIFICAT,PR_MAGNIFICAT,4,5,40,40,40,40,40,,,,,,,,,,,,,,,,,,,,,,,,,,,,,,,,4000,,,,,20,40,60,80,100,,,,,,,,,,,,,,,,,,,,,,,,,,,,,,,,,,,,,20,256,,,,,,,,,,,,,,,,,,,,,,
75,PR_GLORIA,PR_GLORIA,4,5,20,20,20,20,20,,,,,,,,,,,,,,,,,,,,,,,,,,,,,,,,,,,,,10,15,20,25,30,,,,,,,,,,,,,,,,,,,,,,,,,,,,,,,,,,,,,21,256,,,73,4,74,3,,,,,,,,,,,,,,,,
76,PR_LEXDIVINA,PR_LEXDIVINA,1,10,20,20,20,20,20,18,16,14,12,10,,,,,,,,,,,,,,,,,,,,,,,,,,,,,,9,,30,35,40,45,50,55,60,60,60,60,,,,,,,,,,,,,,,,,,,,,,,,,,,,,,,,,256,,,24,1,,,,,,,,,,,,,,,,,,
77,PR_TURNUNDEAD,PR_TURNUNDEAD,1,10,16,16,16,16,16,16,16,16,16,16,,,,,,,,,,,,,,,,,,,,,,,,,,,1000,,,9,6,100,100,100,100,100,100,100,100,100,100,1,2,3,4,5,6,7,8,9,10,,,,,,,,,,,,,,,,,,,,,,,256,,,54,1,76,3,,,,,,,,,,,,,,,,
78,PR_LEXAETERNA,PR_LEXAETERNA,1,1,10,,,,,,,,,,3000,,,,,,,,,,,,,,,,,,,,,,,,,,,,,9,,,,,,,,,,,,,,,,,,,,,,,,,,,,,,,,,,,,,,,,,,,22,256,,,76,5,,,,,,,,,,,,,,,,,,
79,PR_MAGNUS,PR_MAGNUS,2,10,40,42,44,46,48,50,52,54,56,58,,,,,,,,,,,,,717,1,,,,,,,,,,,,,15000,,,5,6,10,10,10,10,10,10,10,10,10,10,1,2,3,4,5,6,7,8,9,10,,,,,,,,,,,,,,,,,,,,,,,256,,,77,3,78,1,12,1,,,,,,,,,,,,,,
80,WZ_FIREPILLAR,WZ_FIREPILLAR,2,10,25,25,25,25,25,25,25,25,25,25,,,,,,,,,,,,,717,1,,,,,,,,,,,,,3300,-300,,9,3,30,30,30,30,30,30,30,30,30,30,3,4,5,6,7,8,9,10,11,12,,,,,,,,,,,,,,,,,,,,,1,,512,,,18,1,,,,,,,,,,,,,,,,,,
81,WZ_SIGHTRASHER,WZ_SIGHTRASHER,4,10,35,37,39,41,43,45,47,49,51,53,,,,,,,,,,,,,,,,,,,,,,,,,,,1000,,,7,,120,140,160,180,200,220,240,260,280,300,1,1,2,2,3,3,4,4,5,5,,,,,,,,,,,,,,,,,,,,,,,512,,,10,1,,,,,,,,,,,,,,,,,,
82,WZ_FIREIVY,WZ_FIREIVY,2,,20,22,24,26,28,30,32,34,36,38,,,,,,,,,,,,,,,,,,,,,,,,,,,1000,,,5,,13,16,19,22,25,28,31,34,37,40,1,1,1,1,1,1,1,1,1,1,,,,,,,,,,,,,,,,,,,,,4,,512,,,,,,,,,,,,,,,,,,,,,,
83,WZ_METEOR,WZ_METEOR,2,10,30,34,40,44,50,54,60,64,70,74,,,,,,,,,,,,,,,,,,,,,,,,,,,15000,,,9,3,2,3,3,4,4,5,5,6,6,7,1,1,2,2,3,3,4,4,5,5,,,,,,,,,,,,,,,,,,,,,3,3,512,,,21,1,81,2,,,,,,,,,,,,,,,,
84,WZ_JUPITEL,WZ_JUPITEL,1,10,20,23,26,29,32,35,38,41,44,47,,,,,,,,,,,,,,,,,,,,,,,,,,,2000,500,,9,4,100,100,100,100,100,100,100,100,100,100,3,4,5,6,7,8,9,10,11,12,,,,,,,,,,,,,,,,,,,,,,,512,,,11,1,20,1,,,,,,,,,,,,,,,,
85,WZ_VERMILION,WZ_VERMILION,2,10,60,64,68,72,76,80,84,88,92,96,,,,,,,,,,,,,,,,,,,,,,,,,,,15500,-500,,9,4,13,16,19,22,25,28,31,34,37,40,10,10,10,10,10,10,10,10,10,10,,,,,,,,,,,,,,,,,,,,,4,,512,,,21,1,84,5,,,,,,,,,,,,,,,,
86,WZ_WATERBALL,WZ_WATERBALL,1,5,15,20,20,25,26,,,,,,,,,,,,,,,,,,,,,,,,,,,,,,,,,1000,,9,1,1,9,9,25,25,,,,,,1,2,2,3,3,,,,,,,,,,,,,,,,,,,,,,,,,,1,,512,,,14,1,84,1,,,,,,,,,,,,,,,,
87,WZ_ICEWALL,WZ_ICEWALL,2,10,20,20,20,20,20,20,20,20,20,20,,,,,,,,,,,,,,,,,,,,,,,,,,,,,,9,,,,,,,,,,,,,,,,,,,,,,,,,,,,,,,,,,,,,,,,,,,,512,,,15,1,16,1,,,,,,,,,,,,,,,,
88,WZ_FROSTNOVA,WZ_FROSTNOVA,1,10,45,43,41,39,37,35,33,31,29,27,,,,,,,,,,,,,,,,,,,,,,,,,,,5300,-330,,9,1,38,41,44,47,50,53,56,59,66,73,3,6,9,12,15,18,21,24,27,30,,,,,,,,,,,,,,,,,,,,,5,,512,,,87,1,,,,,,,,,,,,,,,,,,
89,WZ_STORMGUST,WZ_STORMGUST,2,10,78,78,78,78,78,78,78,78,78,78,,,,,,,,,,,,,,,,,,,,,,,,,,,5000,1000,,9,1,140,180,220,260,300,340,380,420,460,500,1,1,1,1,1,1,1,1,1,1,,,,,,,,,,,,,,,,,,,,,5,,512,,,15,1,84,3,,,,,,,,,,,,,,,,
90,WZ_EARTHSPIKE,WZ_EARTHSPIKE,1,5,12,14,16,18,20,,,,,,,,,,,,,,,,,,,,,,,,,,,,,,,,,1000,,9,2,100,100,100,100,100,,,,,,1,2,3,4,5,,,,,,,,,,,,,,,,,,,,,,,,,,,,66048,,,16,1,,,,,,,,,,,,,,,,,,
91,WZ_HEAVENDRIVE,WZ_HEAVENDRIVE,2,5,24,28,32,36,40,,,,,,,,,,,,,,,,,,,,,,,,,,,,,,,,,1000,,9,2,100,100,100,100,100,,,,,,1,2,3,4,5,,,,,,,,,,,,,,,,,,,,,,,,,,2,,66048,,,90,3,,,,,,,,,,,,,,,,,,
92,WZ_QUAGMIRE,WZ_QUAGMIRE,2,5,15,15,15,15,15,,,,,,,,,,,,,,,,,,,,,,,,,,,,,,,,,,,9,,5,10,15,20,25,,,,,,,,,,,,,,,,,,,,,,,,,,,,,,,,,,,,3,92,512,,,91,1,,,,,,,,,,,,,,,,,,
93,WZ_ESTIMATION,WZ_ESTIMATION,1,1,10,,,,,,,,,,,,,,,,,,,,,,,,,,,,,,,,,,,,,,,9,,,,,,,,,,,,,,,,,,,,,,,,,,,,,,,,,,,,,,,,,,,,66048,,,,,,,,,,,,,,,,,,,,,,
94,BS_IRON,BS_IRON,0,5,,,,,,,,,,,,,,,,,,,,,,,,,,,,,,,,,,,,,,,,,,260,320,380,440,500,,,,,,,,,,,,,,,,,,,,,,,,,,,,,,,,,,,,,,1024,,,,,,,,,,,,,,,,,,,,,,
95,BS_STEEL,BS_STEEL,0,5,,,,,,,,,,,,,,,,,,,,,,,,,,,,,,,,,,,,,,,,,,150,200,250,300,350,,,,,,,,,,,,,,,,,,,,,,,,,,,,,,,,,,,,,,1024,,,94,1,,,,,,,,,,,,,,,,,,
96,BS_ENCHANTEDSTONE,BS_ENCHANTEDSTONE,0,5,,,,,,,,,,,,,,,,,,,,,,,,,,,,,,,,,,,,,,,,,,150,200,250,300,350,,,,,,,,,,,,,,,,,,,,,,,,,,,,,,,,,,,,,,1024,,,94,1,,,,,,,,,,,,,,,,,,
97,BS_ORIDEOCON,BS_ORIDEOCON,0,5,,,,,,,,,,,,,,,,,,,,,,,,,,,,,,,,,,,,,,,,,,,,,,,,,,,,,,,,,,,,,,,,,,,,,,,,,,,,,,,,,,,,1024,,,96,1,,,,,,,,,,,,,,,,,,
98,BS_DAGGER,BS_DAGGER,0,3,,,,,,,,,,,,,,,,,,,,,,,,,,,,,,,,,,,,,,,,,,,,,,,,,,,,,,,,,,,,,,,,,,,,,,,,,,,,,,,,,,,,1024,,,,,,,,,,,,,,,,,,,,,,
99,BS_SWORD,BS_SWORD,0,3,,,,,,,,,,,,,,,,,,,,,,,,,,,,,,,,,,,,,,,,,,,,,,,,,,,,,,,,,,,,,,,,,,,,,,,,,,,,,,,,,,,,1024,,,98,1,,,,,,,,,,,,,,,,,,
100,BS_TWOHANDSWORD,BS_TWOHANDSWORD,0,3,,,,,,,,,,,,,,,,,,,,,,,,,,,,,,,,,,,,,,,,,,,,,,,,,,,,,,,,,,,,,,,,,,,,,,,,,,,,,,,,,,,,1024,,,99,1,,,,,,,,,,,,,,,,,,
101,BS_AXE,BS_AXE,0,3,,,,,,,,,,,,,,,,,,,,,,,,,,,,,,,,,,,,,,,,,,,,,,,,,,,,,,,,,,,,,,,,,,,,,,,,,,,,,,,,,,,,1024,,,99,1,,,,,,,,,,,,,,,,,,
102,BS_MACE,BS_MACE,0,3,,,,,,,,,,,,,,,,,,,,,,,,,,,,,,,,,,,,,,,,,,,,,,,,,,,,,,,,,,,,,,,,,,,,,,,,,,,,,,,,,,,,1024,,,103,1,,,,,,,,,,,,,,,,,,
103,BS_KNUCKLE,BS_KNUCKLE,0,3,,,,,,,,,,,,,,,,,,,,,,,,,,,,,,,,,,,,,,,,,,,,,,,,,,,,,,,,,,,,,,,,,,,,,,,,,,,,,,,,,,,,1024,,,98,1,,,,,,,,,,,,,,,,,,
104,BS_SPEAR,BS_SPEAR,0,3,,,,,,,,,,,,,,,,,,,,,,,,,,,,,,,,,,,,,,,,,,,,,,,,,,,,,,,,,,,,,,,,,,,,,,,,,,,,,,,,,,,,1024,,,98,2,,,,,,,,,,,,,,,,,,
105,BS_HILTBINDING,BS_HILTBINDING,0,1,,,,,,,,,,,,,,,,,,,,,,,,,,,,,,,,,,,,,,,,,,,,,,,,,,,,,,,,,,,,,,,,,,,,,,,,,,,,,,,,,,,,1024,,,,,,,,,,,,,,,,,,,,,,
106,BS_FINDINGORE,BS_FINDINGORE,0,1,,,,,,,,,,,,,,,,,,,,,,,,,,,,,,,,,,,,,,,,,,,,,,,,,,,,,,,,,,,,,,,,,,,,,,,,,,,,,,,,,,,,1024,,,105,1,95,1,,,,,,,,,,,,,,,,
107,BS_WEAPONRESEARCH,BS_WEAPONRESEARCH,0,10,,,,,,,,,,,,,,,,,,,,,,,,,,,,,,,,,,,,,,,,,,1,2,3,4,5,6,7,8,9,10,,,,,,,,,,,,,,,,,,,,,,,,,,,,,,,,,1024,,,105,1,,,,,,,,,,,,,,,,,,
108,BS_REPAIRWEAPON,BS_REPAIRWEAPON,4,1,5,,,,,,,,,,,,,,,,,,,,,,,,,,,,,,,,,,,,,,,,,,,,,,,,,,,,,,,,,,,,,,,,,,,,,,,,,,,,,,,,,,,1024,,,107,1,,,,,,,,,,,,,,,,,,
109,BS_SKINTEMPER,BS_SKINTEMPER,0,5,,,,,,,,,,,,,,,,,,,,,,,,,,,,,,,,,,,,,,,,,,,,,,,,,,,,,,,,,,,,,,,,,,,,,,,,,,,,,,,,,,,,1024,,,,,,,,,,,,,,,,,,,,,,
110,BS_HAMMERFALL,BS_HAMMERFALL,2,5,10,10,10,10,10,,,,,,,,,,,,,,,,,,,,,,,,,,,,,,,,,,,1,,14,18,22,26,30,,,,,,,,,,,,,,,,,,,,,,,,,,,,,,,,,,,,3,,1024,,,,,,,,,,,,,,,,,,,,,,
111,BS_ADRENALINE,BS_ADRENALINE,4,5,20,23,26,29,32,,,,,,,,,,,,,,,,,,,,,,,,,,,,,,,,,,,,,30,60,90,120,150,,,,,,,,,,,,,,,,,,,,,,,,,,,,,,,,,,,,,23,1024,,,110,2,,,,,,,,,,,,,,,,,,
112,BS_WEAPONPERFECT,BS_WEAPONPERFECT,4,5,18,16,14,12,10,,,,,,,,,,,,,,,,,,,,,,,,,,,,,,,,,,,,,10,20,30,40,50,,,,,,,,,,,,,,,,,,,,,,,,,,,,,,,,,,,,,24,1024,,,107,2,111,2,,,,,,,,,,,,,,,,
113,BS_OVERTHRUST,BS_OVERTHRUST,4,5,18,16,14,12,10,,,,,,,,,,,,,,,,,,,,,,,,,,,,,,,,,,,,,20,40,60,80,100,,,,,,105,110,115,120,125,,,,,,2,4,6,8,10,,,,,,,,,,,,,,,,,25,1024,,,111,3,,,,,,,,,,,,,,,,,,
114,BS_MAXIMIZE,BS_MAXIMIZE,4,5,10,10,10,10,10,,,,,,,,,,,,,,,,,,,,,,,,,,,,,,,,,,,,,1,2,3,4,5,,,,,,1,2,3,4,5,,,,,,,,,,,,,,,,,,,,,,,,,,,26,1024,,,112,3,113,2,,,,,,,,,,,,,,,,
115,HT_SKIDTRAP,HT_SKIDTRAP,2,5,10,10,10,10,10,,,,,,,,,,,,,,,,,,1065,1,,,,,,,,,,,,,,,,1,,300,240,180,120,60,,,,,,12,14,16,18,20,,,,,,,,,,,,,,,,,,,,,,,,,,1,,2048,,,,,,,,,,,,,,,,,,,,,,
116,HT_LANDMINE,HT_LANDMINE,2,5,10,10,10,10,10,,,,,,,,,,,,,,,,,,1065,1,,,,,,,,,,,,,,,,1,2,65,50,35,20,5,,,,,,50,75,100,125,150,,,,,,,,,,,,,,,,,,,,,,,,,,1,,2048,,,,,,,,,,,,,,,,,,,,,,
117,HT_ANKLESNARE,HT_ANKLESNARE,2,5,12,12,12,12,12,,,,,,,,,,,,,,,,,,1065,1,,,,,,,,,,,,,,,,1,,250,200,150,100,50,,,,,,5,10,15,20,25,,,,,,,,,,,,,,,,,,,,,,,,,,1,,2048,,,115,1,,,,,,,,,,,,,,,,,,
118,HT_SHOCKWAVE,HT_SHOCKWAVE,2,5,45,45,45,45,45,,,,,,,,,,,,,,,,,,1065,1,,,,,,,,,,,,,,,,1,,200,160,120,80,40,,,,,,25,40,55,70,85,,,,,,,,,,,,,,,,,,,,,,,,,,1,,2048,,,117,1,,,,,,,,,,,,,,,,,,
119,HT_SANDMAN,HT_SANDMAN,2,5,12,12,12,12,12,,,,,,,,,,,,,,,,,,1065,1,,,,,,,,,,,,,,,,1,,,,,,,,,,,,38,41,44,47,50,,,,,,,,,,,,,,,,,,,,,,,,,,3,,2048,,,120,1,,,,,,,,,,,,,,,,,,
120,HT_FLASHER,HT_FLASHER,2,5,12,12,12,12,12,,,,,,,,,,,,,,,,,,1065,1,,,,,,,,,,,,,,,,1,,,,,,,,,,,,38,41,44,47,50,,,,,,,,,,,,,,,,,,,,,,,,,,1,,2048,,,115,1,,,,,,,,,,,,,,,,,,
121,HT_FREEZINGTRAP,HT_FREEZINGTRAP,2,5,10,10,10,10,10,,,,,,,,,,,,,,,,,,1065,1,,,,,,,,,,,,,,,,1,,,,,,,,,,,,38,41,44,47,50,,,,,,,,,,,,,,,,,,,,,,,,,,1,,2048,,,120,1,,,,,,,,,,,,,,,,,,
122,HT_BLASTMINE,HT_BLASTMINE,2,5,10,10,10,10,10,,,,,,,,,,,,,,,,,,1065,1,,,,,,,,,,,,,,,,1,3,,,,,,,,,,,10,8,6,4,2,,,,,,,,,,,,,,,,,,,,,,,,,,1,,2048,,,119,1,121,1,,,,,,,,,,,,,,,,
123,HT_CLAYMORETRAP,HT_CLAYMORETRAP,2,5,15,15,15,15,15,,,,,,,,,,,,,,,,,,1065,2,,,,,,,,,,,,,,,,1,2,,,,,,,,,,,20,40,60,80,100,,,,,,,,,,,,,,,,,,,,,,,,,,3,,2048,,,118,1,122,1,,,,,,,,,,,,,,,,
124,HT_REMOVETRAP,HT_REMOVETRAP,2,1,5,,,,,,,,,,,,,,,,,,,,,,,,,,,,,,,,,,,,,,,1,,,,,,,,,,,,,,,,,,,,,,,,,,,,,,,,,,,,,,,,,,1,,133120,,,116,1,,,,,,,,,50,1,46,5,,,,,,
125,HT_TALKIEBOX,HT_TALKIEBOX,2,1,1,,,,,,,,,,,,,,,,,,,,,,,,,,,,,,,,,,,,,,,1,,150,,,,,,,,,,,,,,,,,,,,,,,,,,,,,,,,,,,,,,,,,,2048,,,118,1,124,1,,,,,,,,,,,,,,,,
126,HT_BEASTBANE,HT_BEASTBANE,0,10,,,,,,,,,,,,,,,,,,,,,,,,,,,,,,,,,,,,,,,,1,,4,8,12,16,20,24,28,32,36,40,,,,,,,,,,,,,,,,,,,,,,,,,,,,,,,,,2048,,,,,,,,,,,,,,,,,,,,,,
127,HT_FALCON,HT_FALCON,0,1,,,,,,,,,,,,,,,,,,,,,,,,,,,,,,,,,,,,,,,,1,,,,,,,,,,,,,,,,,,,,,,,,,,,,,,,,,,,,,,,,,,,28,2048,,,126,1,,,,,,,,,,,,,,,,,,
128,HT_STEELCROW,HT_STEELCROW,0,10,,,,,,,,,,,,,,,,,,,,,,,,,,,,,,,,,,,,,,,,1,,3,6,9,12,15,18,21,24,27,30,,,,,,,,,,,,,,,,,,,,,,,,,,,,,,,,,2048,,,129,5,,,,,,,,,,,,,,,,,,
129,HT_BLITZBEAT,HT_BLITZBEAT,1,5,10,13,16,19,22,,,,,,,,,,,,,,,,,,,,,,,,,,,,,,,,1000,,,15,,,,,,,,,,,,,,,,,,,,,,,,,,,,,,,,,,,,,,,,,,2,,2048,,,127,1,,,,,,,,,,,,,,,,,,
130,HT_DETECTING,HT_DETECTING,2,4,8,8,8,8,,,,,,,,,,,,,,,,,,,,,,,,,,,,,,,,,,,,9,,3,5,7,9,,,,,,,,,,,,,,,,,,,,,,,,,,,,,,,,,,,,,,,2048,,,45,1,127,1,,,,,,,,,,,,,,,,
131,HT_SPRINGTRAP,HT_SPRINGTRAP,4,5,10,10,10,10,10,,,,,,,,,,,,,,,,,,,,,,,,,,,,,,,,,,,9,,4,5,6,7,8,,,,,,,,,,,,,,,,,,,,,,,,,,,,,,,,,,,,9,,2048,,,124,1,127,1,,,,,,,,,,,,,,,,
132,AS_RIGHT,AS_RIGHT,0,5,,,,,,,,,,,,,,,,,,,,,,,,,,,,,,,,,,,,,,,,,,60,70,80,90,100,,,,,,50,,,,,,,,,,,,,,,,,,,,,,,,,,,,,,,,4096,,,,,,,,,,,,,,,,,,,,,,
133,AS_LEFT,AS_LEFT,0,5,,,,,,,,,,,,,,,,,,,,,,,,,,,,,,,,,,,,,,,,,,40,50,60,70,80,,,,,,30,,,,,,,,,,,,,,,,,,,,,,,,,,,,,,,,4096,,,,,,,,,,,,,,,,,,,,,,
134,AS_KATAR,AS_KATAR,0,10,,,,,,,,,,,,,,,,,,,,,,,,,,,,,,,,,,,,,,,,,,3,6,9,12,15,18,21,24,27,30,,,,,,,,,,,,,,,,,,,,,,,,,,,,,,,,,4096,,,,,,,,,,,,,,,,,,,,,,
135,AS_CLOAKING,AS_CLOAKING,4,5,15,15,15,15,15,,,,,,,,,,,,,,,,,,,,,,,,,,,,,,,,,,,,,180,210,240,270,300,,,,,,4,5,6,7,8,,,,,,,,,,,,,,,,,,,,,,,,,,,5,4096,,,51,2,,,,,,,,,,,,,,,,,,
136,AS_SONICBLOW,AS_SONICBLOW,1,10,16,18,20,22,24,26,28,30,32,34,,,,,,,,,,,,,,,,,,,,,,,,,,,,,,1,,350,400,450,500,550,600,650,700,750,800,12,14,16,18,20,22,24,26,28,30,,,,,,,,,,,,,,,,,,,,,,,4096,,,134,4,,,,,,,,,,,,,,,,,,
137,AS_GRIMTOOTH,AS_GRIMTOOTH,1,5,2,2,2,2,2,,,,,,,,,,,,,,,,,,,,,,,,,,,,,,,,,,,6,,100,100,100,100,100,100,100,100,100,100,3,4,5,6,7,,,,,,,,,,,,,,,,,,,,,,,,,,1,,4096,,,135,2,136,5,,,,,,,,,,,,,,,,
138,AS_ENCHANTPOISON,AS_ENCHANTPOISON,16,10,20,20,20,20,20,20,20,20,20,20,,,,,,,,,,,,,,,,,,,,,,,,,,,,,,9,,30,45,60,75,90,105,120,135,150,165,3,3,4,4,5,5,6,6,7,7,,,,,,,,,,,,,,,,,,,,,,6,4096,,,52,1,,,,,,,,,,,,,,,,,,
139,AS_POISONREACT,AS_POISONREACT,4,10,30,30,27,27,24,24,21,21,18,18,,,,,,,,,,,,,,,,,,,,,,,,,,,,,,9,,130,160,190,220,250,280,310,340,370,400,20,40,60,80,100,120,140,160,180,200,,,,,,,,,,,,,,,,,,,,,,7,4096,,,138,3,,,,,,,,,,,,,,,,,,
140,AS_VENOMDUST,AS_VENOMDUST,2,10,20,20,20,20,20,20,20,20,20,20,,,,,,,,,,,,,716,1,,,,,,,,,,,,,,,,,,5,10,15,20,25,30,35,40,45,50,,,,,,,,,,,,,,,,,,,,,,,,,,,,,,,1,,4096,,,138,5,,,,,,,,,,,,,,,,,,
141,AS_SPLASHER,AS_SPLASHER,1,10,33,36,39,42,45,48,51,54,57,60,,,,,,,,,,,,,,,,,,,,,,,,,,,,,,5,,220,240,260,280,300,320,340,360,380,400,,,,,,,,,,,,,,,,,,,,,,,,,,,,,,,1,,4096,,,139,5,140,5,,,,,,,,,,,,,,,,
142,NV_FIRSTAID,NV_FIRSTAID,4,1,3,,,,,,,,,,10,,,,,,,,,,,,,,,,,,,,,,,,,,,,,,,,,,,,,,,,,,,,,,,,,,,,,,,,,,,,,,,,,,,,,,,,,10477567,,,142,1,,,,,,,,,,,,,,,,,,
143,NV_TRICKDEAD,NV_TRICKDEAD,4,1,5,,,,,,,,,,,,,,,,,,,,,,,,,,,,,,,,,,,,,,,,,30,60,90,120,150,180,210,240,270,300,,,,,,,,,,,,,,,,,,,,,,,,,,,,,,,,29,1,,,143,5,,,,,,,,,,,,,,,,,,
144,SM_MOVINGRECOVERY,SM_MOVINGRECOVERY,0,1,,,,,,,,,,,50,50,50,50,50,,,,,,,,,,,,,,,,,,,,,,,,,,,75,,,,,,,,,,,,,,,,,,,,,,,,,,,,,,,,,,,,,,,,,,16514,,,144,1,,,,,,,,,,,,,,,,,,
145,SM_FATALBLOW,SM_FATALBLOW,0,1,,,,,,,,,,,,,,,,,,,,,,,,,,,,,,,,,,,,,,,,,,,,,,,6,12,18,24,30,,,,,,,,,,,,,,,,,,,,,,,,,,,,,,,,,16514,,,145,1,,,,,,,,,,,,,,,,,,
146,SM_AUTOBERSERK,SM_AUTOBERSERK,0,1,,,,,,,,,,,,,,,,,,,,,,,,,,,,,,,,,,,,,,,,,,25,20,60,,,,,,,,,,,,,,,,,,,,,,,,,,,,,,,,,,,,,,,,16514,,,146,1,,,,,,,,,,,,,,,,,,
147,AC_MAKINGARROW,AC_MAKINGARROW,4,1,10,,,,,,,,,,,,,,,,,,,,,,,,,,,,,,,,,,,,,,,,,,,,,,,,,,,,,,,,,,,,,,,,,,,,,,,,,,,,,,,,,,,1574920,,,147,1,,,,,,,,,,,,,,,,,,
148,AC_CHARGEARROW,AC_CHARGEARROW,1,1,15,,,,,,,,,,,,,,,,,,,,,,,,,,,,,,,,,,,,1500,,,9,,150,,,,,,,,,,,,,,,,,,,,,,,,,,,,,,,,,,,,,,,,,,1574920,,,148,1,,,,,,,,,,,,,,,,,,
149,TF_SPRINKLESAND,TF_SPRINKLESAND,1,1,9,,,,,,,,,,,,,,,,,,,,,,,,,,,,,,,,,,,,,,,1,2,125,25,,,,,,,,,,,,,,,,,,,,,,,,,,,,,,,,,,,,,,,,,135232,,,149,1,,,,,,,,,,,,,,,,,,
150,TF_BACKSLIDING,TF_BACKSLIDING,4,1,7,,,,,,,,,,,,,,,,,,,,,,,,,,,,,,,,,,,,,,,,,,,,,,,,,,,6,,,,,,,,,,,,,,,,,,,,,,,,,,,,,,,,135232,,,150,1,,,,,,,,,,,,,,,,,,
151,TF_PICKSTONE,TF_PICKSTONE,4,1,2,,,,,,,,,,,,,,,,,,,,,,,,,,,,,,,,,,,,500,,,,,,,,,,,,,,,,,,,,,,,,,,,,,,,,,,,,,,,,,,,,,,,135232,,,151,1,,,,,,,,,,,,,,,,,,
152,TF_THROWSTONE,TF_THROWSTONE,1,1,2,,,,,,,,,,,,,,,,,,,,,,7049,1,,,,,,,,,,,,,1000,,,7,,30,,,,,,,,,,,,,,,,,,,,,,,,,,,,,,,,,,,,,,,,,,135232,,,152,1,,,,,,,,,,,,,,,,,,
153,MC_CARTREVOLUTION,MC_CARTREVOLUTION,1,1,12,,,,,,,,,,,,,,,,,,,,,,,,,,,,,,,,,,,,,,,1,,101,,,,,,,,,,,,,,,,,,,,,,,,,,,,,,,,,,,,,,,,2,,263200,,,153,1,,,,,,,,,,,,,,,,,,
154,MC_CHANGECART,MC_CHANGECART,4,1,40,,,,,,,,,,,,,,,,,,,,,,,,,,,,,,,,,,,,,,,,,,,,,,,,,,,,,,,,,,,,,,,,,,,,,,,,,,,,,,,,,,,263200,,,154,1,,,,,,,,,,,,,,,,,,
155,MC_LOUD,MC_LOUD,4,1,8,,,,,,,,,,,,,,,,,,,,,,,,,,,,,,,,,,,,,,,,,300,,,,,,,,,,4,,,,,,,,,,,,,,,,,,,,,,,,,,,,,,,30,263200,,,155,1,,,,,,,,,,,,,,,,,,
156,AL_HOLYLIGHT,AL_HOLYLIGHT,1,1,15,,,,,,,,,,,,,,,,,,,,,,,,,,,,,,,,,,,,1500,,,9,6,125,,,,,,,,,,1,,,,,,,,,,,,,,,,,,,,,,,,,,,,,,,,33040,,,156,1,,,,,,,,,,,,,,,,,,
157,MG_ENERGYCOAT,MG_ENERGYCOAT,4,1,30,,,,,,,,,,,,,,,,,,,,,,,,,,,,,,,,,,,,5000,,,9,,300,6,12,12,18,18,24,24,30,30,10,10,15,15,20,20,25,25,30,30,,,,,,,,,,,,,,,,,,,,,,31,66052,,,157,1,,,,,,,,,,,,,,,,,,
158,NPC_PIERCINGATT,NPC_PIERCINGATT,1,1,,,,,,,,,,,,,,,,,,,,,,,,,,,,,,,,,,,,,,,,,,,,,,,,,,,,,,,,,,,,,,,,,,,,,,,,,,,,,,,,,,,,,,,,,,,,,,,,,,,,,,,,,,
159,NPC_MENTALBREAKER,NPC_MENTALBREAKER,5,5,,,,,,,,,,,,,,,,,,,,,,,,,,,,,,,,,,,,,,,,,,,,,,,,,,,,,,,,,,,,,,,,,,,,,,,,,,,,,,,,,,,,,,,,,,,,,,,,,,,,,,,,,,
160,NPC_RANGEATTACK,NPC_RANGEATTACK,1,1,,,,,,,,,,,,,,,,,,,,,,,,,,,,,,,,,,,,,,,,,,,,,,,,,,,,,,,,,,,,,,,,,,,,,,,,,,,,,,,,,,,,,,,,,,,,,,,,,,,,,,,,,,
161,NPC_ATTRICHANGE,NPC_ATTRICHANGE,4,1,,,,,,,,,,,,,,,,,,,,,,,,,,,,,,,,,,,,,,,,,,,,,,,,,,,,,,,,,,,,,,,,,,,,,,,,,,,,,,,,,,,,,,,,,,,,,,,,,,,,,,,,,,
162,NPC_CHANGEWATER,NPC_CHANGEWATER,4,1,,,,,,,,,,,,,,,,,,,,,,,,,,,,,,,,,,,,,,,,,1,,,,,,,,,,,,,,,,,,,,,,,,,,,,,,,,,,,,,,,,,,,,,,,,,,,,,,,,,,,,,,,,,
163,NPC_CHANGEGROUND,NPC_CHANGEGROUND,4,1,,,,,,,,,,,,,,,,,,,,,,,,,,,,,,,,,,,,,,,,,2,,,,,,,,,,,,,,,,,,,,,,,,,,,,,,,,,,,,,,,,,,,,,,,,,,,,,,,,,,,,,,,,,
164,NPC_CHANGEFIRE,NPC_CHANGEFIRE,4,1,,,,,,,,,,,,,,,,,,,,,,,,,,,,,,,,,,,,,,,,,3,,,,,,,,,,,,,,,,,,,,,,,,,,,,,,,,,,,,,,,,,,,,,,,,,,,,,,,,,,,,,,,,,
165,NPC_CHANGEWIND,NPC_CHANGEWIND,4,1,,,,,,,,,,,,,,,,,,,,,,,,,,,,,,,,,,,,,,,,,4,,,,,,,,,,,,,,,,,,,,,,,,,,,,,,,,,,,,,,,,,,,,,,,,,,,,,,,,,,,,,,,,,
166,NPC_CHANGEPOISON,NPC_CHANGEPOISON,4,1,,,,,,,,,,,,,,,,,,,,,,,,,,,,,,,,,,,,,,,,,5,,,,,,,,,,,,,,,,,,,,,,,,,,,,,,,,,,,,,,,,,,,,,,,,,,,,,,,,,,,,,,,,,
167,NPC_CHANGEHOLY,NPC_CHANGEHOLY,4,1,,,,,,,,,,,,,,,,,,,,,,,,,,,,,,,,,,,,,,,,,6,,,,,,,,,,,,,,,,,,,,,,,,,,,,,,,,,,,,,,,,,,,,,,,,,,,,,,,,,,,,,,,,,
168,NPC_CHANGEDARKNESS,NPC_CHANGEDARKNESS,4,1,,,,,,,,,,,,,,,,,,,,,,,,,,,,,,,,,,,,,,,,,7,,,,,,,,,,,,,,,,,,,,,,,,,,,,,,,,,,,,,,,,,,,,,,,,,,,,,,,,,,,,,,,,,
169,NPC_CHANGETELEKINESIS,NPC_CHANGETELEKINESIS,4,1,,,,,,,,,,,,,,,,,,,,,,,,,,,,,,,,,,,,,,,,,8,,,,,,,,,,,,,,,,,,,,,,,,,,,,,,,,,,,,,,,,,,,,,,,,,,,,,,,,,,,,,,,,,
170,NPC_CRITICALSLASH,NPC_CRITICALSLASH,5,5,,,,,,,,,,,,,,,,,,,,,,,,,,,,,,,,,,,,,,,,,,,,,,,,,,,,,,,,,,,,,,,,,,,,,,,,,,,,,,,,,,,,,,,,,,,,,,,,,,,,,,,,,,
171,NPC_COMBOATTACK,NPC_COMBOATTACK,5,5,,,,,,,,,,,,,,,,,,,,,,,,,,,,,,,,,,,,,,,,,,,,,,,,,,,,,,,,,,,,,,,,,,,,,,,,,,,,,,,,,,,,,,,,,,,,,,,,,,,,,,,,,,
172,NPC_GUIDEDATTACK,NPC_GUIDEDATTACK,1,1,,,,,,,,,,,,,,,,,,,,,,,,,,,,,,,,,,,,,,,,,,,,,,,,,,,,,,,,,,,,,,,,,,,,,,,,,,,,,,,,,,,,,,,,,,,,,,,,,,,,,,,,,,
173,NPC_SELFDESTRUCTION,NPC_SELFDESTRUCTION,4,1,10,,,,,,,,,,,,,,,,,,,,,,,,,,,,,,,,,,,,,,,,,100,,,,,,,,,,,,,,,,,,,,,,,,,,,,,,,,,,,,,,,,5,,,,,,,,,,,,,,,,,,,,,,,,
174,NPC_SPLASHATTACK,NPC_SPLASHATTACK,1,1,,,,,,,,,,,,,,,,,,,,,,,,,,,,,,,,,,,,,,,,,,,,,,,,,,,,,,,,,,,,,,,,,,,,,,,,,,,,,,,,,,4,,,,,,,,,,,,,,,,,,,,,,,,
175,NPC_SUICIDE,NPC_SUICIDE,1,1,,,,,,,,,,,,,,,,,,,,,,,,,,,,,,,,,,,,,,,,,,,,,,,,,,,,,,,,,,,,,,,,,,,,,,,,,,,,,,,,,,,,,,,,,,,,,,,,,,,,,,,,,,
176,NPC_POISON,NPC_POISON,5,1,,,,,,,,,,,,,,,,,,,,,,,,,,,,,,,,,,,,,,,,,,,,,,,,,,,,,,,,,,,,,,,,,,,,,,,,,,,,,,,,,,,,,,,,,,,,,,,,,,,,,,,,,,
177,NPC_BLINDATTACK,NPC_BLINDATTACK,5,5,,,,,,,,,,,,,,,,,,,,,,,,,,,,,,,,,,,,,,,,,,,,,,,,,,,,,,,,,,,,,,,,,,,,,,,,,,,,,,,,,,,,,,,,,,,,,,,,,,,,,,,,,,
178,NPC_SILENCEATTACK,NPC_SILENCEATTACK,5,5,,,,,,,,,,,,,,,,,,,,,,,,,,,,,,,,,,,,,,,,,,,,,,,,,,,,,,,,,,,,,,,,,,,,,,,,,,,,,,,,,,,,,,,,,,,,,,,,,,,,,,,,,,
179,NPC_STUNATTACK,NPC_STUNATTACK,5,5,,,,,,,,,,,,,,,,,,,,,,,,,,,,,,,,,,,,,,,,,,,,,,,,,,,,,,,,,,,,,,,,,,,,,,,,,,,,,,,,,,,,,,,,,,,,,,,,,,,,,,,,,,
180,NPC_PETRIFYATTACK,NPC_PETRIFYATTACK,5,5,,,,,,,,,,,,,,,,,,,,,,,,,,,,,,,,,,,,,,,,,,,,,,,,,,,,,,,,,,,,,,,,,,,,,,,,,,,,,,,,,,,,,,,,,,,,,,,,,,,,,,,,,,
181,NPC_CURSEATTACK,NPC_CURSEATTACK,5,5,,,,,,,,,,,,,,,,,,,,,,,,,,,,,,,,,,,,,,,,,,,,,,,,,,,,,,,,,,,,,,,,,,,,,,,,,,,,,,,,,,,,,,,,,,,,,,,,,,,,,,,,,,
182,NPC_SLEEPATTACK,NPC_SLEEPATTACK,5,5,,,,,,,,,,,,,,,,,,,,,,,,,,,,,,,,,,,,,,,,,,,,,,,,,,,,,,,,,,,,,,,,,,,,,,,,,,,,,,,,,,,,,,,,,,,,,,,,,,,,,,,,,,
183,NPC_RANDOMATTACK,NPC_RANDOMATTACK,5,5,,,,,,,,,,,,,,,,,,,,,,,,,,,,,,,,,,,,,,,,,,,,,,,,,,,,,,,,,,,,,,,,,,,,,,,,,,,,,,,,,,,,,,,,,,,,,,,,,,,,,,,,,,
184,NPC_WATERATTACK,NPC_WATERATTACK,5,5,,,,,,,,,,,,,,,,,,,,,,,,,,,,,,,,,,,,,,,,,1,,,,,,,,,,,,,,,,,,,,,,,,,,,,,,,,,,,,,,,,,,,,,,,,,,,,,,,,,,,,,,,,,
185,NPC_GROUNDATTACK,NPC_GROUNDATTACK,5,5,,,,,,,,,,,,,,,,,,,,,,,,,,,,,,,,,,,,,,,,,2,,,,,,,,,,,,,,,,,,,,,,,,,,,,,,,,,,,,,,,,,,,,,,,,,,,,,,,,,,,,,,,,,
186,NPC_FIREATTACK,NPC_FIREATTACK,5,5,,,,,,,,,,,,,,,,,,,,,,,,,,,,,,,,,,,,,,,,,3,,,,,,,,,,,,,,,,,,,,,,,,,,,,,,,,,,,,,,,,,,,,,,,,,,,,,,,,,,,,,,,,,
187,NPC_WINDATTACK,NPC_WINDATTACK,5,5,,,,,,,,,,,,,,,,,,,,,,,,,,,,,,,,,,,,,,,,,4,,,,,,,,,,,,,,,,,,,,,,,,,,,,,,,,,,,,,,,,,,,,,,,,,,,,,,,,,,,,,,,,,
188,NPC_POISONATTACK,NPC_POISONATTACK,5,5,,,,,,,,,,,,,,,,,,,,,,,,,,,,,,,,,,,,,,,,,5,,,,,,,,,,,,,,,,,,,,,,,,,,,,,,,,,,,,,,,,,,,,,,,,,,,,,,,,,,,,,,,,,
189,NPC_HOLYATTACK,NPC_HOLYATTACK,5,5,,,,,,,,,,,,,,,,,,,,,,,,,,,,,,,,,,,,,,,,,6,,,,,,,,,,,,,,,,,,,,,,,,,,,,,,,,,,,,,,,,,,,,,,,,,,,,,,,,,,,,,,,,,
190,NPC_DARKNESSATTACK,NPC_DARKNESSATTACK,5,5,,,,,,,,,,,,,,,,,,,,,,,,,,,,,,,,,,,,,,,,,7,,,,,,,,,,,,,,,,,,,,,,,,,,,,,,,,,,,,,,,,,,,,,,,,,,,,,,,,,,,,,,,,,
191,NPC_TELEKINESISATTACK,NPC_TELEKINESISATTACK,5,5,,,,,,,,,,,,,,,,,,,,,,,,,,,,,,,,,,,,,,,,,8,,,,,,,,,,,,,,,,,,,,,,,,,,,,,,,,,,,,,,,,,,,,,,,,,,,,,,,,,,,,,,,,,
192,NPC_MAGICALATTACK,NPC_MAGICALATTACK,5,5,,,,,,,,,,,,,,,,,,,,,,,,,,,,,,,,,,,,,,,,,,,,,,,,,,,,,,,,,,,,,,,,,,,,,,,,,,,,,,,,,,,,,,,,,,,,,,,,,,,,,,,,,,
193,NPC_METAMORPHOSIS,NPC_METAMORPHOSIS,4,1,10,,,,,,,,,,,,,,,,,,,,,,,,,,,,,,,,,,,,,,,,,,,,,,,,,,,,,,,,,,,,,,,,,,,,,,,,,,,,,,,,,,,,,,,,,,,,,,,,,,,,,,,,,
194,NPC_PROVOCATION,NPC_PROVOCATION,4,5,,,,,,,,,,,,,,,,,,,,,,,,,,,,,,,,,,,,,,,,,,,,,,,,,,,,,,,,,,,,,,,,,,,,,,,,,,,,,,,,,,,1,,,,,,,,,,,,,,,,,,,,,,,
195,NPC_SMOKING,NPC_SMOKING,4,5,,,,,,,,,,,,,,,,,,,,,,,,,,,,,,,,,,,,,,,,,,,,,,,,,,,,,,,,,,,,,,,,,,,,,,,,,,,,,,,,,,,,,,,,,,,,,,,,,,,,,,,,,,
196,NPC_SUMMONSLAVE,NPC_SUMMONSLAVE,4,1,10,,,,,,,,,,,,,,,,,,,,,,,,,,,,,,,,,,,,,,,,,,,,,,,,,,,,,,,,,,,,,,,,,,,,,,,,,,,,,,,,,,,,,,,,,,,,,,,,,,,,,,,,,
197,NPC_EMOTION,NPC_EMOTION,4,1,10,,,,,,,,,,,,,,,,,,,,,,,,,,,,,,,,,,,,,,,,,,,,,,,,,,,,,,,,,,,,,,,,,,,,,,,,,,,,,,,,,,,,,,,,,,,,,,,,,,,,,,,,,
198,NPC_TRANSFORMATION,NPC_TRANSFORMATION,0,,,,,,,,,,,,,,,,,,,,,,,,,,,,,,,,,,,,,,,,,,,,,,,,,,,,,,,,,,,,,,,,,,,,,,,,,,,,,,,,,,,,,,,,,,,,,,,,,,,,,,,,,,,
199,NPC_BLOODDRAIN,NPC_BLOODDRAIN,1,10,,,,,,,,,,,,,,,,,,,,,,,,,,,,,,,,,,,,,,,,,,,,,,,,,,,,,,,,,,,,,,,,,,,,,,,,,,,,,,,,,,,,,,,,,,,,,,,,,,,,,,,,,,
200,NPC_ENERGYDRAIN,NPC_ENERGYDRAIN,10,10,,,,,,,,,,,,,,,,,,,,,,,,,,,,,,,,,,,,,,,,,,,,,,,,,,,,,,,,,,,,,,,,,,,,,,,,,,,,,,,,,,,,,,,,,,,,,,,,,,,,,,,,,,
201,NPC_KEEPING,NPC_KEEPING,4,1,,,,,,,,,,,,,,,,,,,,,,,,,,,,,,,,,,,,,,,,,,,,,,,,,,,,,,,,,,,,,,,,,,,,,,,,,,,,,,,,,,,,,,,,,,,,,,,,,,,,,,,,,,
202,NPC_DARKBREATH,NPC_DARKBREATH,0,,,,,,,,,,,,,,,,,,,,,,,,,,,,,,,,,,,,,,,,,,,,,,,,,,,,,,,,,,,,,,,,,,,,,,,,,,,,,,,,,,,,,,,,,,,,,,,,,,,,,,,,,,,
203,NPC_DARKBLESSING,NPC_DARKBLESSING,0,,,,,,,,,,,,,,,,,,,,,,,,,,,,,,,,,,,,,,,,,,,,,,,,,,,,,,,,,,,,,,,,,,,,,,,,,,,,,,,,,,,,,,,,,,,,,,,,,,,,,,,,,,,
204,NPC_BARRIER,NPC_BARRIER,4,1,,,,,,,,,,,,,,,,,,,,,,,,,,,,,,,,,,,,,,,,,,,,,,,,,,,,,,,,,,,,,,,,,,,,,,,,,,,,,,,,,,,,,,,,,,,,,,,,,,,,,,,,,,
205,NPC_DEFENDER,NPC_DEFENDER,4,1,,,,,,,,,,,,,,,,,,,,,,,,,,,,,,,,,,,,,,,,,,,,,,,,,,,,,,,,,,,,,,,,,,,,,,,,,,,,,,,,,,,,,,,,,,,,,,,,,,,,,,,,,,
206,NPC_LICK,NPC_LICK,1,1,,,,,,,,,,,,,,,,,,,,,,,,,,,,,,,,,,,,,,,,,,,,,,,,,,,,,,,,,,,,,,,,,,,,,,,,,,,,,,,,,,,,,,,,,,,,,,,,,,,,,,,,,,
207,NPC_HALLUCINATION,NPC_HALLUCINATION,1,1,,,,,,,,,,,,,,,,,,,,,,,,,,,,,,,,,,,,,,,,,,,,,,,,,,,,,,,,,,,,,,,,,,,,,,,,,,,,,,,,,,,34,,,,,,,,,,,,,,,,,,,,,,,
208,NPC_REBIRTH,NPC_REBIRTH,0,,,,,,,,,,,,,,,,,,,,,,,,,,,,,,,,,,,,,,,,,,,,,,,,,,,,,,,,,,,,,,,,,,,,,,,,,,,,,,,,,,,,,,,,,,,,,,,,,,,,,,,,,,,
209,NPC_SUMMONMONSTER,NPC_SUMMONMONSTER,4,1,10,,,,,,,,,,,,,,,,,,,,,,,,,,,,,,,,,,,,,,,,,,,,,,,,,,,,,,,,,,,,,,,,,,,,,,,,,,,,,,,,,,,,,,,,,,,,,,,,,,,,,,,,,
210,RG_SNATCHER,RG_SNATCHER,0,10,,,,,,,,,,,,,,,,,,,,,,,,,,,,,,,,,,,,,,,,,,7,8,10,11,13,14,16,17,19,20,,,,,,,,,,,,,,,,,,,,,,,,,,,,,,,,,131072,,,50,1,,,,,,,,,,,,,,,,,,
211,RG_STEALCOIN,RG_STEALCOIN,1,10,15,15,15,15,15,15,15,15,15,15,,,,,,,,,,,,,,,,,,,,,,,,,,,,,,1,,1,2,3,4,5,6,7,8,9,10,,,,,,,,,,,,,,,,,,,,,,,,,,,,,,,,,131072,,,210,4,,,,,,,,,,,,,,,,,,
212,RG_BACKSTAP,RG_BACKSTAP,1,10,16,16,16,16,16,16,16,16,16,16,,,,,,,,,,,,,,,,,,,,,,,,,,,,,,1,,340,380,420,460,500,540,580,620,660,700,,,,,,,,,,,,,,,,,,,,,,,,,,,,,,,,,131072,,,211,4,,,,,,,,,,,,,,,,,,
213,RG_TUNNELDRIVE,RG_TUNNELDRIVE,0,5,,,,,,,,,,,,,,,,,,,,,,,,,,,,,,,,,,,,,,,,,,25,20,15,10,5,,,,,,,,,,,,,,,,,,,,,,,,,,,,,,,,,,,,,,131072,,,51,1,,,,,,,,,,,,,,,,,,
214,RG_RAID,RG_RAID,1,5,25,25,25,25,25,,,,,,,,,,,,,,,,,,,,,,,,,,,,,,,,,,,1,3,140,180,220,260,300,,,,,,13,16,19,22,25,,,,,,,,,,,,,,,,,,,,,,,,,,3,,131072,,,213,5,212,2,,,,,,,,,,,,,,,,
215,RG_STRIPWEAPON,RG_STRIPWEAPON,1,5,17,19,21,23,25,,,,,,,,,,,,,,,,,,,,,,,,,,,,,,,,,,,1,,7,9,11,13,15,,,,,,,,,,,,,,,,,,,,,,,,,,,,,,,,,,,,,50,131072,,,217,5,,,,,,,,,,,,,,,,,,
216,RG_STRIPSHIELD,RG_STRIPSHIELD,1,5,12,14,16,18,20,,,,,,,,,,,,,,,,,,,,,,,,,,,,,,,,,,,1,,7,9,11,13,15,,,,,,,,,,,,,,,,,,,,,,,,,,,,,,,,,,,,,51,131072,,,218,5,,,,,,,,,,,,,,,,,,
217,RG_STRIPARMOR,RG_STRIPARMOR,1,5,17,19,21,23,25,,,,,,,,,,,,,,,,,,,,,,,,,,,,,,,,,,,1,,7,9,11,13,15,,,,,,,,,,,,,,,,,,,,,,,,,,,,,,,,,,,,,52,131072,,,216,5,,,,,,,,,,,,,,,,,,
218,RG_STRIPHELM,RG_STRIPHELM,1,5,12,14,16,18,20,,,,,,,,,,,,,,,,,,,,,,,,,,,,,,,,,,,1,,7,9,11,13,15,,,,,,,,,,,,,,,,,,,,,,,,,,,,,,,,,,,,,53,131072,,,,,,,,,,,,,,,,,,,,,,
219,RG_INTIMIDATE,RG_INTIMIDATE,1,5,13,16,19,22,25,,,,,,,,,,,,,,,,,,,,,,,,,,,,,,,,,,,1,,130,160,190,220,250,,,,,,,,,,,,,,,,,,,,,,,,,,,,,,,,,,,,,,131072,,,212,4,,,,,,,,,,,,,,,,,,
220,RG_GRAFFITI,RG_GRAFFITI,2,5,13,13,13,13,13,,,,,,,,,,,,,,,,,,,,,,,,,,,,,,,,,,,6,,150,150,150,150,150,,,,,,30,30,30,30,30,,,,,,,,,,,,,,,,,,,,,,,,,,,,131072,,,221,5,,,,,,,,,,,,,,,,,,
221,RG_FLAGGRAFFITI,RG_FLAGGRAFFITI,2,5,10,10,10,10,10,,,,,,,,,,,,,,,,,,,,,,,,,,,,,,,,,,,6,,,,,,,,,,,,,,,,,,,,,,,,,,,,,,,,,,,,,,,,,,,,131072,,,222,1,,,,,,,,,,,,,,,,,,
222,RG_CLEANER,RG_CLEANER,2,1,,,,,,,,,,,,,,,,,,,,,,,,,,,,,,,,,,,,,,,,,,,,,,,,,,,,,,,,,,,,,,,,,,,,,,,,,,,,,,,,,,,,131072,,,223,1,,,,,,,,,,,,,,,,,,
223,RG_GANGSTER,RG_GANGSTER,0,1,,,,,,,,,,,,,,,,,,,,,,,,,,,,,,,,,,,,,,,,,,,,,,,,,,,,,,,,,,,,,,,,,,,,,,,,,,,,,,,,,,1,,131072,,,216,3,,,,,,,,,,,,,,,,,,
224,RG_COMPULSION,RG_COMPULSION,0,5,,,,,,,,,,,,,,,,,,,,,,,,,,,,,,,,,,,,,,,,,,91,87,83,79,75,,,,,,,,,,,,,,,,,,,,,,,,,,,,,,,,,,,,,,131072,,,223,1,,,,,,,,,,,,,,,,,,
225,RG_PLAGIARISM,RG_PLAGIARISM,0,10,,,,,,,,,,,,,,,,,,,,,,,,,,,,,,,,,,,,,,,,,,,,,,,,,,,,,,,,,,,,,,,,,,,,,,,,,,,,,,,,,,,,131072,,,219,5,,,,,,,,,,,,,,,,,,
226,AM_AXEMASTERY,AM_AXEMASTERY,0,10,,,,,,,,,,,,,,,,,,,,,,,,,,,,,,,,,,,,,,,,,,5,10,15,20,25,30,35,40,45,50,,,,,,,,,,,,,,,,,,,,,,,,,,,,,,,,,262144,,,,,,,,,,,,,,,,,,,,,,
227,AM_LERNINGPOTION,AM_LERNINGPOTION,0,10,,,,,,,,,,,,,,,,,,,,,,,,,,,,,,,,,,,,,,,,,,5,10,15,20,25,30,35,40,45,50,,,,,,,,,,,,,,,,,,,,,,,,,,,,,,,,,262144,,,,,,,,,,,,,,,,,,,,,,
228,AM_PHARMACY,AM_PHARMACY,4,10,10,10,10,10,10,10,10,10,10,10,,,,,,,,,,,,,,,,,,,,,,,,,,,,,,,,,,,,,,,,,,,,,,,,,,,,,,,,,,,,,,,,,,,,,,,,,,262144,,,227,5,,,,,,,,,,,,,,,,,,
229,AM_DEMONSTRATION,AM_DEMONSTRATION,2,5,10,10,10,10,10,,,,,,,,,,,,,,,,,,7135,1,,,,,,,,,,,,,,,,9,,120,140,160,180,200,,,,,,,,,,,,,,,,,,,,,,,,,,,,,,,,,,,,,,262144,,,228,4,,,,,,,,,,,,,,,,,,
230,AM_ACIDTERROR,AM_ACIDTERROR,1,5,15,15,15,15,15,,,,,,,,,,,,,,,,,,7136,1,,,,,,,,,,,,,,,,9,,140,180,220,260,300,,,,,,,,,,,,,,,,,,,,,,,,,,,,,,,,,,,,,,262144,,,228,5,,,,,,,,,,,,,,,,,,
231,AM_POTIONPITCHER,AM_POTIONPITCHER,16,5,1,1,1,1,1,,,,,,,,,,,,,,,,,,,,,,,,,,,,,,,,,,,9,,110,120,130,140,150,,,,,,,,,,,,,,,,,,,,,,,,,,,,,,,,,,,,,,262144,,,228,3,,,,,,,,,,,,,,,,,,
232,AM_CANNIBALIZE,AM_CANNIBALIZE,2,5,20,20,20,20,20,,,,,,,,,,,,,,,,,,7137,1,,,,,,,,,,,,,,,,9,,40,50,60,70,80,,,,,,,,,,,,,,,,,,,,,,,,,,,,,,,,,,,,,,262144,,,228,6,,,,,,,,,,,,,,,,,,
233,AM_SPHEREMINE,AM_SPHEREMINE,2,1,10,,,,,,,,,,,,,,,,,,,,,,7138,1,,,,,,,,,,,,,,,,9,,30,,,,,,,,,,,,,,,,,,,,,,,,,,,,,,,,,,,,,,,,,,262144,,,228,2,,,,,,,,,,,,,,,,,,
234,AM_CP_WEAPON,AM_CP_WEAPON,16,5,25,25,25,25,25,,,,,,,,,,,,,,,,,,7139,1,,,,,,,,,,,,,,,,1,,60,120,180,240,300,,,,,,,,,,,,,,,,,,,,,,,,,,,,,,,,,,,,,54,262144,,,236,3,,,,,,,,,,,,,,,,,,
235,AM_CP_SHIELD,AM_CP_SHIELD,16,5,25,25,25,25,25,,,,,,,,,,,,,,,,,,7139,1,,,,,,,,,,,,,,,,1,,60,120,180,240,300,,,,,,,,,,,,,,,,,,,,,,,,,,,,,,,,,,,,,55,262144,,,237,3,,,,,,,,,,,,,,,,,,
236,AM_CP_ARMOR,AM_CP_ARMOR,16,5,25,25,25,25,25,,,,,,,,,,,,,,,,,,7139,1,,,,,,,,,,,,,,,,1,,60,120,180,240,340,,,,,,,,,,,,,,,,,,,,,,,,,,,,,,,,,,,,,56,262144,,,235,3,,,,,,,,,,,,,,,,,,
237,AM_CP_HELM,AM_CP_HELM,16,5,25,25,25,25,25,,,,,,,,,,,,,,,,,,7139,1,,,,,,,,,,,,,,,,1,,60,120,180,240,300,,,,,,,,,,,,,,,,,,,,,,,,,,,,,,,,,,,,,57,262144,,,228,2,,,,,,,,,,,,,,,,,,
238,AM_BIOETHICS,AM_BIOETHICS,0,1,,,,,,,,,,,,,,,,,,,,,,,,,,,,,,,,,,,,,,,,,,,,,,,,,,,,,,,,,,,,,,,,,,,,,,,,,,,,,,,,,,,,,,,,,,,,,,,,,,,,,,,,,,
239,AM_BIOTECHNOLOGY,AM_BIOTECHNOLOGY,0,10,,,,,,,,,,,,,,,,,,,,,,,,,,,,,,,,,,,,,,,,,,,,,,,,,,,,,,,,,,,,,,,,,,,,,,,,,,,,,,,,,,,,,,,,,,,,,,,,,,,,,,,,,,
240,AM_CREATECREATURE,AM_CREATECREATURE,1,5,,,,,,,,,,,,,,,,,,,,,,,,,,,,,,,,,,,,,,,,,,,,,,,,,,,,,,,,,,,,,,,,,,,,,,,,,,,,,,,,,,,,,,,,,,,,,,,,,,,,,,,,,,
241,AM_CULTIVATION,AM_CULTIVATION,1,5,,,,,,,,,,,,,,,,,,,,,,,,,,,,,,,,,,,,,,,,,,,,,,,,,,,,,,,,,,,,,,,,,,,,,,,,,,,,,,,,,,,,,,,,,,,,,,,,,,,,,,,,,,
242,AM_FLAMECONTROL,AM_FLAMECONTROL,0,5,,,,,,,,,,,,,,,,,,,,,,,,,,,,,,,,,,,,,,,,,,,,,,,,,,,,,,,,,,,,,,,,,,,,,,,,,,,,,,,,,,,,,,,,,,,,,,,,,,,,,,,,,,
243,AM_CALLHOMUN,AM_CALLHOMUN,1,1,,,,,,,,,,,,,,,,,,,,,,,,,,,,,,,,,,,,,,,,,,,,,,,,,,,,,,,,,,,,,,,,,,,,,,,,,,,,,,,,,,,,,,,,,,,,,,,,,,,,,,,,,,
244,AM_REST,AM_REST,1,1,,,,,,,,,,,,,,,,,,,,,,,,,,,,,,,,,,,,,,,,,,,,,,,,,,,,,,,,,,,,,,,,,,,,,,,,,,,,,,,,,,,,,,,,,,,,,,,,,,,,,,,,,,
245,AM_DRILLMASTER,AM_DRILLMASTER,0,10,,,,,,,,,,,,,,,,,,,,,,,,,,,,,,,,,,,,,,,,,,,,,,,,,,,,,,,,,,,,,,,,,,,,,,,,,,,,,,,,,,,,,,,,,,,,,,,,,,,,,,,,,,
246,AM_HEALHOMUN,AM_HEALHOMUN,1,10,,,,,,,,,,,,,,,,,,,,,,,,,,,,,,,,,,,,,,,,,,,,,,,,,,,,,,,,,,,,,,,,,,,,,,,,,,,,,,,,,,,,,,,,,,,,,,,,,,,,,,,,,,
247,AM_RESURRECTHOMUN,AM_RESURRECTHOMUN,1,5,,,,,,,,,,,,,,,,,,,,,,,,,,,,,,,,,,,,,,,,,,,,,,,,,,,,,,,,,,,,,,,,,,,,,,,,,,,,,,,,,,,,,,,,,,,,,,,,,,,,,,,,,,
248,CR_TRUST,CR_TRUST,0,10,,,,,,,,,,,,,,,,,,,,,,,,,,,,,,,,,,,,,,,,,,200,400,600,800,1000,1200,1400,1600,1800,2000,5,10,15,20,25,30,35,40,45,50,,,,,,,,,,,,,,,,,,,,,,,16384,,,,,,,,,,,,,,,,,,,,,,
249,CR_AUTOGUARD,CR_AUTOGUARD,4,10,12,14,16,18,20,22,24,26,28,30,,,,,,,,,,,,,,,,,,,,,,,,,,,,,,1,,5,10,14,18,21,24,26,28,29,30,3,3,6,6,9,9,12,12,15,15,,,,,,,,,,,,,,,,,,,,,,58,16384,,,,,,,,,,,,,,,,,,,,,,
250,CR_SHIELDCHARGE,CR_SHIELDCHARGE,1,5,10,10,10,10,10,,,,,,,,,,,,,,,,,,,,,,,,,,,,,,,,,,,,,120,140,160,180,200,,,,,,20,25,30,35,40,,,,,,,,,,,,,,,,,,,,,,,,,,,,16384,,,249,5,,,,,,,,,,,,,,,,,,
251,CR_SHIELDBOOMERANG,CR_SHIELDBOOMERANG,1,5,12,12,12,12,12,,,,,,,,,,,,,,,,,,,,,,,,,,,,,,,,,,,9,,130,160,190,220,250,,,,,,3,5,7,9,11,,,,,,,,,,,,,,,,,,,,,,,,,,,,16384,,,250,3,,,,,,,,,,,,,,,,,,
252,CR_REFLECTSHIELD,CR_REFLECTSHIELD,4,10,35,40,45,50,55,60,65,70,75,80,,,,,,,,,,,,,,,,,,,,,,,,,,,,,,,,3,3,6,6,9,9,12,12,15,15,13,16,19,22,25,28,31,34,37,40,,,,,,,,,,,,,,,,,,,,,,59,16384,,,251,3,,,,,,,,,,,,,,,,,,
253,CR_HOLYCROSS,CR_HOLYCROSS,1,10,11,12,13,14,15,16,17,18,19,20,,,,,,,,,,,,,,,,,,,,,,,,,,,,,,1,6,135,170,205,240,275,310,345,380,415,450,3,6,9,12,15,18,21,24,27,30,,,,,,,,,,,,,,,,,,,,,,,16384,,,248,7,,,,,,,,,,,,,,,,,,
254,CR_GRANDCROSS,CR_GRANDCROSS,4,10,37,44,51,58,65,72,78,86,93,100,,,,,,,,,,,,,,,,,,,,,,,,,,,3000,,,6,6,140,180,220,260,300,340,380,420,460,500,3,6,9,12,15,18,21,24,27,30,,,,,,,,,,,,,,,,,,,,,6,,16384,,,248,10,253,6,,,,,,,,,,,,,,,,
255,CR_DEVOTION,CR_DEVOTION,1,5,25,25,25,25,25,,,,,,,,,,,,,,,,,,,,,,,,,,,,,,,,3000,,,,,30,45,60,75,90,,,,,,1,2,3,4,5,,,,,,,,,,,,,,,,,,,,,,,,,,,61,16384,,,252,5,254,4,,,,,,,,,,,,,,,,
256,CR_PROVIDENCE,CR_PROVIDENCE,1,5,30,30,30,30,30,,,,,,,,,,,,,,,,,,,,,,,,,,,,,,,,3000,,,,,180,180,180,180,180,,,,,,5,10,15,20,25,,,,,,,,,,,,,,,,,,,,,,,,,,,65,16384,,,22,5,28,5,,,,,,,,,,,,,,,,
257,CR_DEFENDER,CR_DEFENDER,4,5,30,30,30,30,30,,,,,,,,,,,,,,,,,,,,,,,,,,,,,,,,20,35,50,65,80,180,180,180,180,180,,,,,,20,35,50,65,80,,,,,,,,,,,,,,,,,,,,,,,,,,,62,16384,,,251,1,,,,,,,,,,,,,,,,,,
258,CR_SPEARQUICKEN,CR_SPEARQUICKEN,4,10,24,28,32,36,40,44,48,52,56,60,,,,,,,,,,,,,,,,,,,,,,,,,,,,,,,,30,60,90,120,150,180,210,240,270,300,21,22,23,24,35,26,27,28,29,30,,,,,,,,,,,,,,,,,,,,,,68,16384,,,55,10,,,,,,,,,,,,,,,,,,
259,MO_IRONHAND,MO_IRONHAND,0,10,,,,,,,,,,,,,,,,,,,,,,,,,,,,,,,,,,,,,,,,,,3,6,9,12,15,18,21,24,27,30,,,,,,,,,,,,,,,,,,,,,,,,,,,,,,,,,32768,,,23,10,22,10,,,,,,,,,,,,,,,,
260,MO_SPIRITSRECOVERY,MO_SPIRITSRECOVERY,0,5,,,,,,,,,,,,,,,,,,,,,,,,,,,,,,,,,,,,,,,,,,4,8,12,16,20,,,,,,2,4,6,8,10,,,,,,,,,,,,,,,,,,,,,,,,,,,,32768,,,269,2,,,,,,,,,,,,,,,,,,
261,MO_CALLSPIRITS,MO_CALLSPIRITS,4,5,8,8,8,8,8,,,,,,,,,,,,,,,,,,,,,,,,,,,,,,,,1000,,,,,1,1,1,1,1,,,,,,5,5,5,5,5,,,,,,,,,,,,,,,,,,,,,,,,,,,,32768,,,259,2,,,,,,,,,,,,,,,,,,
262,MO_ABSORBSPIRITS,MO_ABSORBSPIRITS,16,1,6,,,,,,,,,,,,,,,,,,,,,,,,,,,,,,,,,,,,2000,,,9,,7,,,,,,,,,,,,,,,,,,,,,,,,,,,,,,,,,,,,,,,,,,32768,,,261,5,,,,,,,,,,,,,,,,,,
263,MO_TRIPLEATTACK,MO_TRIPLEATTACK,0,10,,,,,,,,,,,,,,,,,,,,,,,,,,,,,,,,,,,,,,,,,,29,28,27,26,25,24,23,22,21,20,100,100,100,100,100,100,100,100,100,100,,,,,,,,,,,,,,,,,,,,,,,32768,,,265,5,,,,,,,,,,,,,,,,,,
264,MO_BODYRELOCATION,MO_BODYRELOCATION,2,1,10,,,,,,,,,,,,,,,,,,,,,,,,,,,,,,,,,,,,,,,9,,,1,2,3,,,,,,,7,8,9,10,,,,,,,,,,,,,,,,,,,,,,,,,,,,,32768,,,260,2,268,3,271,3,,,,,,,,,,,,,,
265,MO_DODGE,MO_DODGE,0,10,,,,,,,,,,,,,,,,,,,,,,,,,,,,,,,,,,,,,,,,,,1,3,4,6,7,9,10,12,13,15,,,,,,,,,,,,,,,,,,,,,,,,,,,,,,,,,32768,,,259,5,261,5,,,,,,,,,,,,,,,,
266,MO_INVESTIGATE,MO_INVESTIGATE,1,5,10,14,17,19,20,,,,,,,,,,,,,,,,,,,,,,,,,,,,,,,,1000,,,1,,175,250,325,400,475,,,,,,1,1,1,1,1,,,,,,,,,,,,,,,,,,,,,,,,,,,,32768,,,261,5,,,,,,,,,,,,,,,,,,
267,MO_FINGEROFFENSIVE,MO_FINGEROFFENSIVE,1,5,10,10,10,10,10,,,,,,,,,,,,,,,,,,,,,,,,,,,,,,,,5000,,,9,,150,175,200,225,250,,,,,,1,2,3,4,5,,,,,,,,,,,,,,,,,,,,,,,,,,,,32768,,,266,3,,,,,,,,,,,,,,,,,,
268,MO_STEELBODY,MO_STEELBODY,4,5,200,200,200,200,200,,,,,,,,,,,,,,,,,,,,,,,,,,,,,,,,5000,,,,,30,60,90,120,150,,,,,,5,5,5,5,5,,,,,,,,,,,,,,,,,,,,,,,,,,,,32768,,,273,3,,,,,,,,,,,,,,,,,,
269,MO_BLADESTOP,MO_BLADESTOP,4,5,10,10,10,10,10,,,,,,,,,,,,,,,,,,,,,,,,,,,,,,,,500,,,1,,50,50,50,50,50,,,,,,,266,267,272,273,,,,,,20,30,40,50,60,,,,,,,,,,,,,,,,,,32768,,,265,5,,,,,,,,,,,,,,,,,,
270,MO_EXPLOSIONSPIRITS,MO_EXPLOSIONSPIRITS,4,5,15,15,15,15,15,,,,,,,,,,,,,,,,,,,,,,,,,,,,,,,,,,,,,10,12,15,17,20,,,,,,5,5,5,5,5,,,,,,,,,,,,,,,,,,,,,,,,,,,86,32768,,,262,1,,,,,,,,,,,,,,,,,,
271,MO_EXTREMITYFIST,MO_EXTREMITYFIST,1,5,1,1,1,1,1,,,,,,,,,,,,,,,,,,,,,,,,,,,,,,,,4000,,,5,,4000,5500,7000,8500,10000,,,,,,5,5,5,5,5,,,,,,,,,,,,,,,,,,,,,,,,,,,,32768,,,270,3,267,3,,,,,,,,,,,,,,,,
272,MO_CHAINCOMBO,MO_CHAINCOMBO,4,5,17,19,21,23,25,,,,,,,,,,,,,,,,,,,,,,,,,,,,,,,,,,,2,,200,250,300,350,400,,,,,,,,,,,,,,,,,,,,,,,,,,,,,,,,,,,,,,32768,,,263,5,,,,,,,,,,,,,,,,,,
273,MO_COMBOFINISH,MO_COMBOFINISH,4,5,23,26,29,32,35,,,,,,,,,,,,,,,,,,,,,,,,,,,,,,,,,,,2,,300,360,420,480,540,,,,,,1,1,1,1,1,,,,,,,,,,,,,,,,,,,,,,,,,,,,32768,,,272,3,,,,,,,,,,,,,,,,,,
274,SA_ADVANCEDBOOK,SA_ADVANCEDBOOK,0,10,,,,,,,,,,,,,,,,,,,,,,,,,,,,,,,,,,,,,,,,,,3,6,9,12,15,18,21,24,27,30,,,,,,,,,,,,,,,,,,,,,,,,,,,,,,,,,65536,,,1,9,,,,,,,,,,,,,,,,,,
275,SA_CASTCANCEL,SA_CASTCANCEL,4,5,2,2,2,2,2,,,,,,,,,,,,,,,,,,,,,,,,,,,,,,,,,,,,,90,70,50,30,10,,,,,,,,,,,,,,,,,,,,,,,,,,,,,,,,,,,,,,65536,,,274,2,,,,,,,,,,,,,,,,,,
276,SA_MAGICROD,SA_MAGICROD,4,5,2,2,2,2,2,,,,,,,,,,,,,,,,,,,,,,,,,,,,,,,,,,,,,20,40,60,80,100,,,,,,400,600,800,1000,1200,,,,,,,,,,,,,,,,,,,,,,,,,,,,65536,,,274,4,,,,,,,,,,,,,,,,,,
277,SA_SPELLBREAKER,SA_SPELLBREAKER,1,5,2,2,2,2,2,,,,,,,,,,,,,,,,,,,,,,,,,,,,,,,,500,,,9,,,25,50,75,100,,,,,,,,,,,,,,,,,,,,,,,,,,,,,,,,,,,,,,65536,,,276,1,,,,,,,,,,,,,,,,,,
278,SA_FREECAST,SA_FREECAST,0,10,,,,,,,,,,,,,,,,,,,,,,,,,,,,,,,,,,,,,,,,,,30,35,40,45,50,55,60,65,70,75,55,60,65,70,75,80,85,90,95,100,,,,,,,,,,,,,,,,,,,,,,,65536,,,275,1,,,,,,,,,,,,,,,,,,
279,SA_AUTOSPELL,SA_AUTOSPELL,4,10,35,35,35,35,35,35,35,35,35,35,,,,,,,,,,,,,,,,,,,,,,,,,,,,,,,,120,150,180,210,240,270,300,330,360,390,7,8,9,10,11,12,13,14,15,16,,,,,,,,,,,,,,,,,,,,,,,65536,,,278,4,,,,,,,,,,,,,,,,,,
280,SA_FLAMELAUNCHER,SA_FLAMELAUNCHER,16,5,40,40,40,40,40,,,,,,,,,,,,,,,,,,990,1,,,,,,,,,,,,,,,,5,,80,85,90,95,100,,,,,,,,,,,,,,,,,,,,,,,,,,,,,,,,,,,,,90,65536,,,19,1,274,5,,,,,,,,,,,,,,,,
281,SA_FROSTWEAPON,SA_FROSTWEAPON,16,5,40,40,40,40,40,,,,,,,,,,,,,,,,,,995,1,,,,,,,,,,,,,,,,5,,80,85,90,95,100,,,,,,,,,,,,,,,,,,,,,,,,,,,,,,,,,,,,,91,65536,,,14,1,274,5,,,,,,,,,,,,,,,,
282,SA_LIGHTNINGLOADER,SA_LIGHTNINGLOADER,16,5,40,40,40,40,40,,,,,,,,,,,,,,,,,,996,1,,,,,,,,,,,,,,,,5,,80,85,90,95,100,,,,,,,,,,,,,,,,,,,,,,,,,,,,,,,,,,,,,92,65536,,,20,1,274,5,,,,,,,,,,,,,,,,
283,SA_SEISMICWEAPON,SA_SEISMICWEAPON,16,5,40,40,40,40,40,,,,,,,,,,,,,,,,,,996,1,,,,,,,,,,,,,,,,5,,80,85,90,95,100,,,,,,,,,,,,,,,,,,,,,,,,,,,,,,,,,,,,,93,65536,,,16,1,274,5,,,,,,,,,,,,,,,,
284,SA_DRAGONOLOGY,SA_DRAGONOLOGY,0,5,,,,,,,,,,,,,,,,,,,,,,,,,,,,,,,,,,,,,,,,,,4,8,12,16,20,,,,,,4,8,12,16,20,,,,,,,,,,,,,,,,,,,,,,,,,,,,65536,,,274,9,,,,,,,,,,,,,,,,,,
285,SA_VOLCANO,SA_VOLCANO,2,5,48,46,44,42,40,,,,,,,,,,,,,,,,,,715,1,,,,,,,,,,,,,5000,,,1,,10,14,17,19,20,,,,,,10,20,30,40,50,,,,,,,,,,,,,,,,,,,,,,,,,,,,65536,,,280,2,,,,,,,,,,,,,,,,,,
286,SA_DELUGE,SA_DELUGE,2,5,48,46,44,42,40,,,,,,,,,,,,,,,,,,715,1,,,,,,,,,,,,,5000,,,1,,10,14,17,19,20,,,,,,5,9,12,14,15,,,,,,,,,,,,,,,,,,,,,,,,,,,,65536,,,281,2,,,,,,,,,,,,,,,,,,
287,SA_VIOLENTGALE,SA_VIOLENTGALE,2,5,48,46,44,42,40,,,,,,,,,,,,,,,,,,715,1,,,,,,,,,,,,,5000,,,1,,10,14,17,19,20,,,,,,3,6,9,12,15,,,,,,,,,,,,,,,,,,,,,,,,,,,,65536,,,282,2,,,,,,,,,,,,,,,,,,
288,SA_LANDPROTECTOR,SA_LANDPROTECTOR,2,5,66,62,58,54,50,,,,,,,,,,,,,,,,,,715,1,717,1,,,,,,,,,,,5000,,,1,,7,7,9,9,11,,,,,,120,150,180,210,240,,,,,,,,,,,,,,,,,,,,,,,,,,,,65536,,,283,2,,,,,,,,,,,,,,,,,,
289,SA_DISPELL,SA_DISPELL,1,5,1,1,1,1,1,,,,,,,,,,,,,,,,,,715,1,,,,,,,,,,,,,,,,9,,60,70,80,90,100,,,,,,,,,,,,,,,,,,,,,,,,,,,,,,,,,,,,9,,65536,,,277,3,,,,,,,,,,,,,,,,,,
290,SA_ABRACADABRA,SA_ABRACADABRA,4,10,50,50,50,50,50,50,50,50,50,50,,,,,,,,,,,,,715,2,,,,,,,,,,,,,,,,7,,,,,,,,,,,,,,,,,,,,,,,,,,,,,,,,,,,,,,,,,,9,,65536,,,279,5,289,1,288,1,,,,,,,,,,,,,,
291,SA_MONOCELL,SA_MONOCELL,1,1,,,,,,,,,,,,,,,,,,,,,,,,,,,,,,,,,,,,,,,,,,25,50,75,100,125,150,175,200,225,250,,,,,,,,,,,,,,,,,,,,,,,,,,,,,,,,,,,,,1,,,,,,,,,,,,,,,,,,
292,SA_CLASSCHANGE,SA_CLASSCHANGE,1,1,,,,,,,,,,,,,,,,,,,,,,,,,,,,,,,,,,,,,,,,,,,,,,5,10,15,20,30,35,,,,,,,,,,,,,,,,,,,,,,,,,,,,,,,,,,,,,1,,,,,,,,,,,,,,,,,,
293,SA_SUMMONMONSTER,SA_SUMMONMONSTER,4,1,,,,,,,,,,,,,,,,,,,,,,,,,,,,,,,,,,,,,,,,,,10,20,30,40,50,60,70,80,90,100,,,,,,,,,,,,,,,,,,,,,,,,,,,,,,,,,,,,,1,,,,,,,,,,,,,,,,,,
294,SA_REVERSEORCISH,SA_REVERSEORCISH,16,1,,,,,,,,,,,,,,,,,,,,,,,,,,,,,,,,,,,,,,,,,,,,,,,,,1,5,10,,,,,,,,,,,,,,,,,,,,,,,,,,,,,,,,,,,,,1,,,,,,,,,,,,,,,,,,
295,SA_DEATH,SA_DEATH,1,1,,,,,,,,,,,,,,,,,,,,,,,,,,,,,,,,,,,,,,,,,,5,10,15,20,25,30,35,40,45,50,,,,,,,,,,,,,,,,,,,,,,,,,,,,,,,,,,,,,1,,,,,,,,,,,,,,,,,,
296,SA_FORTUNE,SA_FORTUNE,1,1,,,,,,,,,,,,,,,,,,,,,,,,,,,,,,,,,,,,,,,,,,,,,,,,,,,,,,,,,,,,,,,,,,,,,,,,,,,,,,,,,,,,,,,,1,,,,,,,,,,,,,,,,,,
297,SA_TAMINGMONSTER,SA_TAMINGMONSTER,1,1,,,,,,,,,,,,,,,,,,,,,,,,,,,,,,,,,,,,,,,,,,5,10,15,20,25,30,35,40,45,50,,,,,,,,,,,,,,,,,,,,,,,,,,,,,,,,,,,,,1,,,,,,,,,,,,,,,,,,
298,SA_QUESTION,SA_QUESTION,4,1,,,,,,,,,,,,,,,,,,,,,,,,,,,,,,,,,,,,,,,,,,100,80,60,40,20,,,,,,,,,,,,,,,,,,,,,,,,,,,,,,,,,,,,,,,,,,1,,,,,,,,,,,,,,,,,,
299,SA_GRAVITY,SA_GRAVITY,4,1,,,,,,,,,,,,,,,,,,,,,,,,,,,,,,,,,,,,,,,,,,,,,,,,,2,5,10,,,,,,,,,,,,,,,,,,,,,,,,,,,,,,,,,,,,,1,,,,,,,,,,,,,,,,,,
300,SA_LEVELUP,SA_LEVELUP,4,1,,,,,,,,,,,,,,,,,,,,,,,,,,,,,,,,,,,,,,,,,,,,,,,,,,,,,,,,,,,,,,,,,,,,,,,,,,,,,,,,,,,,,,,,1,,,,,,,,,,,,,,,,,,
301,SA_INSTANTDEATH,SA_INSTANTDEATH,4,1,,,,,,,,,,,,,,,,,,,,,,,,,,,,,,,,,,,,,,,,,,,,,,,,,1,5,10,,,,,,,,,,,,,,,,,,,,,,,,,,,,,,,,,,,,,1,,,,,,,,,,,,,,,,,,
302,SA_FULLRECOVERY,SA_FULLRECOVERY,4,1,,,,,,,,,,,,,,,,,,,,,,,,,,,,,,,,,,,,,,,,,,,,,,,,2,5,10,20,,,,,,,,,,,,,,,,,,,,,,,,,,,,,,,,,,,,,1,,,,,,,,,,,,,,,,,,
303,SA_COMA,SA_COMA,4,1,,,,,,,,,,,,,,,,,,,,,,,,,,,,,,,,,,,,,,,,,,,,,,10,20,30,40,50,60,,,,,,,,,,,,,,,,,,,,,,,,,,,,,,,,,,,,,1,,,,,,,,,,,,,,,,,,
304,BD_ADAPTATION,BD_ADAPTATION,4,1,1,,,,,,,,,,,,,,,,,,,,,,,,,,,,,,,,,,,,,,,,,,,,,,,,,,,,,,,,,,,,,,,,,,,,,,,,,,,,,,,,,,,1572864,,,1,9,,,,,,,,,,,,,,,,,,
305,BD_ENCORE,BD_ENCORE,4,1,1,,,,,,,,,,,,,,,,,,,,,,,,,,,,,,,,,,,,,,,,,,,,,,,,,,,,,,,,,,,,,,,,,,,,,,,,,,,,,,,,,,,1572864,,,304,1,,,,,,,,,,,,,,,,,,
306,BD_LULLABY,BD_LULLABY,4,1,1,,,,,,,,,,,,,,,,,,,,,,,,,,,,,,,,,,,,,,,1,,,,,,,,,,,,,,,,,,,,,,,,,,,,,,,,,,,,,,,,,,4,,1572864,,,,,,,,,,,,,,,,,,,,,,
307,BD_RICHMANKIM,BD_RICHMANKIM,4,5,35,35,35,35,35,,,,,,,,,,,,,,,,,,,,,,,,,,,,,,,,,,,1,,150,175,200,225,250,,,,,,,,,,,,,,,,,,,,,,,,,,,,,,,,,,,,4,,1572864,,,313,3,,,,,,,,,,,,,,,,,,
308,BD_ETERNALCHAOS,BD_ETERNALCHAOS,4,1,4,,,,,,,,,,,,,,,,,,,,,,,,,,,,,,,,,,,,,,,1,,,,,,,,,,,,,,,,,,,,,,,,,,,,,,,,,,,,,,,,,,4,,1572864,,,311,1,,,,,,,,,,,,,,,,,,
309,BD_DRUMBATTLEFIELD,BD_DRUMBATTLEFIELD,4,5,35,35,35,35,35,,,,,,,,,,,,,,,,,,,,,,,,,,,,,,,,,,,1,,50,75,100,125,150,,,,,,4,6,8,10,12,,,,,,,,,,,,,,,,,,,,,,,,,,4,,1572864,,,,,,,,,,,,,,,,,,,,,,
310,BD_RINGNIBELUNGEN,BD_RINGNIBELUNGEN,4,5,35,35,35,35,35,,,,,,,,,,,,,,,,,,,,,,,,,,,,,,,,,,,1,,150,200,250,300,350,,,,,,,,,,,,,,,,,,,,,,,,,,,,,,,,,,,,4,,1572864,,,309,3,,,,,,,,,,,,,,,,,,
311,BD_ROKISWEIL,BD_ROKISWEIL,4,1,4,,,,,,,,,,,,,,,,,,,,,,,,,,,,,,,,,,,,,,,1,,,,,,,,,,,,,,,,,,,,,,,,,,,,,,,,,,,,,,,,,,4,,1572864,,,,,,,,,,,,,,,,,,,,,,
312,BD_INTOABYSS,BD_INTOABYSS,4,1,5,,,,,,,,,,,,,,,,,,,,,,,,,,,,,,,,,,,,,,,1,,,,,,,,,,,,,,,,,,,,,,,,,,,,,,,,,,,,,,,,,,4,,1572864,,,306,1,,,,,,,,,,,,,,,,,,
313,BD_SIEGFRIED,BD_SIEGFRIED,4,5,1,1,1,1,1,,,,,,,,,,,,,,,,,,,,,,,,,,,,,,,,,,,1,,40,50,60,70,80,,,,,,,,,,,,,,,,,,,,,,,,,,,,,,,,,,,,4,,1572864,,,,,,,,,,,,,,,,,,,,,,
314,BD_RAGNAROK,BD_RAGNAROK,2,1,,,,,,,,,,,,,,,,,,,,,,,,,,,,,,,,,,,,,,,,,,,,,,,,,,,,,,,,,,,,,,,,,,,,,,,,,,,,,,,,,,,,,,,312,1,308,1,,,,,,,,,,,,,,,,
315,BA_MUSICALLESSON,BA_MUSICALLESSON,0,10,,,,,,,,,,,,,,,,,,,,,,,,,,,,,,,,,,,,,,,,,,3,6,9,12,15,18,21,24,27,30,,,,,,,,,,,,,,,,,,,,,,,,,,,,,,,,,524288,,,1,9,,,,,,,,,,,,,,,,,,
316,BA_MUSICALSTRIKE,BA_MUSICALSTRIKE,1,5,8,8,8,8,8,,,,,,,,,,,,,,,,,,,,,,,,,,,,,,,,,,,9,,150,175,200,225,250,,,,,,,,,,,,,,,,,,,,,,,,,,,,,,,,,,,,,,524288,,,315,3,,,,,,,,,,,,,,,,,,
317,BA_DISSONANCE,BA_DISSONANCE,4,5,15,15,15,15,15,,,,,,,,,,,,,,,,,,,,,,,,,,,,,,,,,,,,,40,50,60,70,80,,,,,,,,,,,,,,,,,,,,,,,,,,,,,,,,,,,,4,,524288,,,315,1,304,1,,,,,,,,,,,,,,,,
318,BA_FROSTJOKE,BA_FROSTJOKE,4,5,12,14,16,18,20,,,,,,,,,,,,,,,,,,,,,,,,,,,,,,,,,,,,,20,25,30,35,40,,,,,,,,,,,,,,,,,,,,,,,,,,,,,,,,,,,,9,,524288,,,305,1,,,,,,,,,,,,,,,,,,
319,BA_WHISTLE,BA_WHISTLE,4,10,20,20,20,20,20,20,20,20,20,20,,,,,,,,,,,,,,,,,,,,,,,,,,,,,,,,1,2,3,4,5,6,7,8,9,10,1,1,2,2,3,3,4,4,5,5,,,,,,,,,,,,,,,,,,,,,,,524288,,,317,3,,,,,,,,,,,,,,,,,,
320,BA_ASSASSINCROSS,BA_ASSASSINCROSS,4,10,35,35,35,35,35,35,35,35,35,35,,,,,,,,,,,,,,,,,,,,,,,,,,,,,,,,11,12,13,14,15,16,17,18,19,20,,,,,,,,,,,,,,,,,,,,,,,,,,,,,,,,,524288,,,317,3,,,,,,,,,,,,,,,,,,
321,BA_POEMBRAGI,BA_POEMBRAGI,4,10,35,35,35,35,35,35,35,35,35,35,,,,,,,,,,,,,,,,,,,,,,,,,,,,,,,,3,6,9,12,15,18,21,24,27,30,3,6,9,12,15,18,21,24,27,30,,,,,,,,,,,,,,,,,,,,,,,524288,,,317,3,,,,,,,,,,,,,,,,,,
322,BA_APPLEIDUN,BA_APPLEIDUN,4,10,35,35,35,35,35,35,35,35,35,35,,,,,,,,,,,,,,,,,,,,,,,,,,,,,,,,7,9,11,13,15,17,19,21,23,25,20,40,60,80,100,120,140,160,180,200,,,,,,,,,,,,,,,,,,,,,4,,524288,,,317,3,,,,,,,,,,,,,,,,,,
323,DC_DANCINGLESSON,DC_DANCINGLESSON,0,10,,,,,,,,,,,,,,,,,,,,,,,,,,,,,,,,,,,,,,,,,,3,6,9,12,15,18,21,24,27,30,,,,,,,,,,,,,,,,,,,,,,,,,,,,,,,,,1048576,,,1,9,,,,,,,,,,,,,,,,,,
324,DC_THROWARROW,DC_THROWARROW,1,5,8,8,8,8,8,,,,,,,,,,,,,,,,,,,,,,,,,,,,,,,,,,,9,,150,175,200,225,250,,,,,,,,,,,,,,,,,,,,,,,,,,,,,,,,,,,,,,1048576,,,323,3,,,,,,,,,,,,,,,,,,
325,DC_UGLYDANCE,DC_UGLYDANCE,4,5,20,20,20,20,20,,,,,,,,,,,,,,,,,,,,,,,,,,,,,,,,,,,,,10,20,30,40,50,,,,,,,,,,,,,,,,,,,,,,,,,,,,,,,,,,,,9,,1048576,,,304,1,323,1,,,,,,,,,,,,,,,,
326,DC_SCREAM,DC_SCREAM,4,5,12,14,16,18,20,,,,,,,,,,,,,,,,,,,,,,,,,,,,,,,,,,,,,30,35,40,45,50,,,,,,,,,,,,,,,,,,,,,,,,,,,,,,,,,,,,9,,1048576,,,305,1,,,,,,,,,,,,,,,,,,
327,DC_HUMMING,DC_HUMMING,4,10,20,20,20,20,20,20,20,20,20,20,,,,,,,,,,,,,,,,,,,,,,,,,,,,,,,,2,4,6,8,10,12,14,16,18,20,,,,,,,,,,,,,,,,,,,,,,,,,,,,,,,,,1048576,,,325,3,,,,,,,,,,,,,,,,,,
328,DC_DONTFORGETME,DC_DONTFORGETME,4,10,35,35,35,35,35,35,35,35,35,35,,,,,,,,,,,,,,,,,,,,,,,,,,,,,,,,3,6,9,12,15,18,21,24,27,30,2,4,6,8,10,12,14,16,18,20,,,,,,,,,,,,,,,,,,,,,,,1048576,,,325,3,,,,,,,,,,,,,,,,,,
329,DC_FORTUNEKISS,DC_FORTUNEKISS,4,10,35,35,35,35,35,35,35,35,35,35,,,,,,,,,,,,,,,,,,,,,,,,,,,,,,,,1,2,3,4,5,6,7,8,9,10,,,,,,,,,,,,,,,,,,,,,,,,,,,,,,,4,,1048576,,,325,3,,,,,,,,,,,,,,,,,,
330,DC_SERVICEFORYOU,DC_SERVICEFORYOU,4,10,35,35,35,35,35,35,35,35,35,35,,,,,,,,,,,,,,,,,,,,,,,,,,,,,,,,11,12,13,14,15,16,17,18,19,20,13,16,19,22,25,28,31,34,37,40,,,,,,,,,,,,,,,,,,,,,4,,1048576,,,325,3,,,,,,,,,,,,,,,,,,
331,,,0,,,,,,,,,,,,,,,,,,,,,,,,,,,,,,,,,,,,,,,,,,,,,,,,,,,,,,,,,,,,,,,,,,,,,,,,,,,,,,,,,,,,,,,,,,,,,,,,,,,,,,,,,,,
332,,,0,,,,,,,,,,,,,,,,,,,,,,,,,,,,,,,,,,,,,,,,,,,,,,,,,,,,,,,,,,,,,,,,,,,,,,,,,,,,,,,,,,,,,,,,,,,,,,,,,,,,,,,,,,,
333,,,0,,,,,,,,,,,,,,,,,,,,,,,,,,,,,,,,,,,,,,,,,,,,,,,,,,,,,,,,,,,,,,,,,,,,,,,,,,,,,,,,,,,,,,,,,,,,,,,,,,,,,,,,,,,
334,WE_MALE,WE_MALE,0,1,,,,,,,,,,,,,,,,,,,,,,,,,,,,,,,,,,,,,,,,,,,,,,,,,,,,,,,,,,,,,,,,,,,,,,,,,,,,,,,,,,,,,,,,,,,,,,,,,,,,,,,,,,
335,WE_FEMALE,WE_FEMALE,0,1,,,,,,,,,,,,,,,,,,,,,,,,,,,,,,,,,,,,,,,,,,,,,,,,,,,,,,,,,,,,,,,,,,,,,,,,,,,,,,,,,,,,,,,,,,,,,,,,,,,,,,,,,,
336,WE_CALLPARTNER,WE_CALLPARTNER,0,1,,,,,,,,,,,,,,,,,,,,,,,,,,,,,,,,,,,,,,,,,,,,,,,,,,,,,,,,,,,,,,,,,,,,,,,,,,,,,,,,,,,,4194304,,,,,,,,,,,,,,,,,,,,,,
337,ITM_TOMAHAWK,ITM_TOMAHAWK,0,,,,,,,,,,,,,,,,,,,,,,,,,,,,,,,,,,,,,,,,,,,,,,,,,,,,,,,,,,,,,,,,,,,,,,,,,,,,,,,,,,,,,,,,,,,,,,,,,,,,,,,,,,,
338,NPC_REVENGE,NPC_REVENGE,0,,,,,,,,,,,,,,,,,,,,,,,,,,,,,,,,,,,,,,,,,,,,,,,,,,,,,,,,,,,,,,,,,,,,,,,,,,,,,,,,,,,,,,,,,,,,,,,,,,,,,,,,,,,
339,NPC_GRANDDARKNESS,NPC_GRANDDARKNESS,0,,,,,,,,,,,,,,,,,,,,,,,,,,,,,,,,,,,,,,,,,,,,,,,,,,,,,,,,,,,,,,,,,,,,,,,,,,,,,,,,,,,,,,,,,,,,,,,,,,,,,,,,,,,
340,NPC_DARKSTRIKE,NPC_DARKSTRIKE,0,,,,,,,,,,,,,,,,,,,,,,,,,,,,,,,,,,,,,,,,,,,,,,,,,,,,,,,,,,,,,,,,,,,,,,,,,,,,,,,,,,,,,,,,,,,,,,,,,,,,,,,,,,,
341,NPC_DARKTHUNDER,NPC_DARKTHUNDER,0,,,,,,,,,,,,,,,,,,,,,,,,,,,,,,,,,,,,,,,,,,,,,,,,,,,,,,,,,,,,,,,,,,,,,,,,,,,,,,,,,,,,,,,,,,,,,,,,,,,,,,,,,,,
342,NPC_STOP,NPC_STOP,0,,,,,,,,,,,,,,,,,,,,,,,,,,,,,,,,,,,,,,,,,,,,,,,,,,,,,,,,,,,,,,,,,,,,,,,,,,,,,,,,,,,,,,,,,,,,,,,,,,,,,,,,,,,
343,NPC_BRAKEWEAPON,NPC_BRAKEWEAPON,0,,,,,,,,,,,,,,,,,,,,,,,,,,,,,,,,,,,,,,,,,,,,,,,,,,,,,,,,,,,,,,,,,,,,,,,,,,,,,,,,,,,,,,,,,,,,,,,,,,,,,,,,,,,
344,NPC_ARMORBRAKE,NPC_ARMORBRAKE,0,,,,,,,,,,,,,,,,,,,,,,,,,,,,,,,,,,,,,,,,,,,,,,,,,,,,,,,,,,,,,,,,,,,,,,,,,,,,,,,,,,,,,,,,,,,,,,,,,,,,,,,,,,,
345,NPC_HELMBRAKE,NPC_HELMBRAKE,0,,,,,,,,,,,,,,,,,,,,,,,,,,,,,,,,,,,,,,,,,,,,,,,,,,,,,,,,,,,,,,,,,,,,,,,,,,,,,,,,,,,,,,,,,,,,,,,,,,,,,,,,,,,
346,NPC_SHIELDBRAKE,NPC_SHIELDBRAKE,0,,,,,,,,,,,,,,,,,,,,,,,,,,,,,,,,,,,,,,,,,,,,,,,,,,,,,,,,,,,,,,,,,,,,,,,,,,,,,,,,,,,,,,,,,,,,,,,,,,,,,,,,,,,
347,NPC_UNDEADATTACK,NPC_UNDEADATTACK,0,,,,,,,,,,,,,,,,,,,,,,,,,,,,,,,,,,,,,,,,,,,,,,,,,,,,,,,,,,,,,,,,,,,,,,,,,,,,,,,,,,,,,,,,,,,,,,,,,,,,,,,,,,,
348,NPC_RUN,NPC_RUN,0,,,,,,,,,,,,,,,,,,,,,,,,,,,,,,,,,,,,,,,,,,,,,,,,,,,,,,,,,,,,,,,,,,,,,,,,,,,,,,,,,,,,,,,,,,,,,,,,,,,,,,,,,,,
349,NPC_POWERUP,NPC_POWERUP,0,,,,,,,,,,,,,,,,,,,,,,,,,,,,,,,,,,,,,,,,,,,,,,,,,,,,,,,,,,,,,,,,,,,,,,,,,,,,,,,,,,,,,,,,,,,,,,,,,,,,,,,,,,,
350,NPC_AGIUP,NPC_AGIUP,0,,,,,,,,,,,,,,,,,,,,,,,,,,,,,,,,,,,,,,,,,,,,,,,,,,,,,,,,,,,,,,,,,,,,,,,,,,,,,,,,,,,,,,,,,,,,,,,,,,,,,,,,,,,
351,NPC_SPEEDUP,NPC_SPEEDUP,0,,,,,,,,,,,,,,,,,,,,,,,,,,,,,,,,,,,,,,,,,,,,,,,,,,,,,,,,,,,,,,,,,,,,,,,,,,,,,,,,,,,,,,,,,,,,,,,,,,,,,,,,,,,
352,NPC_INVISIBLE,NPC_INVISIBLE,0,,,,,,,,,,,,,,,,,,,,,,,,,,,,,,,,,,,,,,,,,,,,,,,,,,,,,,,,,,,,,,,,,,,,,,,,,,,,,,,,,,,,,,,,,,,,,,,,,,,,,,,,,,,
353,NPC_EMOTION_ON,NPC_EMOTION_ON,0,,,,,,,,,,,,,,,,,,,,,,,,,,,,,,,,,,,,,,,,,,,,,,,,,,,,,,,,,,,,,,,,,,,,,,,,,,,,,,,,,,,,,,,,,,,,,,,,,,,,,,,,,,,
354,NPC_CALLSLAVE,NPC_CALLSLAVE,0,,,,,,,,,,,,,,,,,,,,,,,,,,,,,,,,,,,,,,,,,,,,,,,,,,,,,,,,,,,,,,,,,,,,,,,,,,,,,,,,,,,,,,,,,,,,,,,,,,,,,,,,,,,
355,LK_AURABLADE,Aura_Blade,4,5,22,24,26,28,30,,,,,,,,,,,,,,,,,,,,,,,,,,,,,,,,,,,,,40,60,80,100,120,,,,,,10,20,30,40,50,,,,,,,,,,,,,,,,,,,,,,,,,,,,,128,,5,5,7,3,3,5,,,,,,,,,,,,,,
356,LK_PARRYING,Parrying,4,10,50,50,50,50,50,50,50,50,50,50,,,,,,,,,,,,,,,,,,,,,,,,,,,,,,,,15,20,25,30,35,40,45,50,55,60,23,26,29,32,35,38,41,44,47,50,,,,,,,,,,,,,,,,,,,,,,,,128,,7,10,6,5,60,3,,,,,,,,,,,,,,
357,LK_CONCENTRATION,Concentration,4,5,50,52,54,56,58,,,,,,,,,,,,,,,,,,,,,,,,,,,,,,,,,,,,,25,30,35,40,45,,,,,,10,20,30,40,50,,,,,,5,10,15,20,25,,,,,,5,10,15,20,25,,,,,,,,,128,,55,5,63,1,4,1,,,,,,,,,,,,,,
358,LK_TENSIONRELAX,Tension_Relax,4,1,15,,,,,,,,,,,,,,,,,,,,,,,,,,,,,,,,,,,,,,,,,2,,,,,,,,,,10,,,,,,,,,,,,,,,,,,,,,,,,,,,,,,,,,128,,6,,4,10,8,3,,,,,,,,,,,,,,
359,LK_BERSERK,Berserk,4,1,1,,,,,,,,,,,,,,,,,,,,,50,,,,,,,,,,,,,,,,,,,,,,,,,,,,,,,,,,,,,,,,,,,,,,,,,,,,,,,,,,,,,,,128,,55,7,56,5,63,1,59,2,57,5,,,,,,,,,,
360,LK_FURY,Fury,0,,,,,,,,,,,,,,,,,,,,,,,,,,,,,,,,,,,,,,,,,,,,,,,,,,,,,,,,,,,,,,,,,,,,,,,,,,,,,,,,,,,,,,128,,,,,,,,,,,,,,,,,,,,,
361,HP_ASSUMPTIO,Assumptio,4,5,20,25,30,35,40,,,,,,,,,,,,,,,,,,,,,,,,,,,,,,,,1000,,,,,20,30,40,50,60,,,,,,50,50,50,50,50,,,,,,,,,,,,,,,,,,,,,,,,,,,,,256,,33,1,9,3,66,3,,,,,,,,,,,,,,
362,HP_BASILICA,Basilica,4,5,80,90,100,110,120,,,,,,,,,,,,,,,,,,,,,,,,,,,,,,,,5000,,,9,,20,25,30,35,40,,,,,,100,100,100,100,100,,,,,,,,,,,,,,,,,,,,,,,,,,,,,256,,75,2,9,1,73,3,,,,,,,,,,,,,,
363,HP_MEDITATIO,Meditation,0,10,,,,,,,,,,,,,,,,,,,,,,,,,,,,,,,,,,,,,,,,,,3,6,9,12,15,18,21,24,27,30,1,2,3,4,5,6,7,8,9,10,2,4,6,8,10,12,14,16,18,20,,,,,,,,,,,,,,256,,9,5,76,5,68,3,,,,,,,,,,,,,,
364,HW_SOULDRAIN,Soul_Drain,0,10,,,,,,,,,,,,,,,,,,,,,,,,,,,,,,,,,,,,,,,,,,110,125,140,155,170,185,200,215,230,245,2,4,6,8,10,12,14,16,18,20,,,,,,,,,,,,,,,,,,,,,,,,66048,,9,5,13,7,,,,,,,,,,,,,,,,
365,HW_MAGICCRASHER,Magic_Crasher,1,1,12,,,,,,,,,,,,,,,,,,,,,,,,,,,,,,,,,,,,200,,,9,,,,,,,,,,,,,,,,,,,,,,,,,,,,,,,,,,,,,,,,,,,,,512,,9,1,,,,,,,,,,,,,,,,,,
366,HW_MAGICPOWER,Magic_Power,0,10,20,25,30,35,40,45,50,55,60,65,,,,,,,,,,,,,,,,,,,,,,,,,,,,,,,,2,4,6,8,10,12,14,16,18,20,,,,,,,,,,,,,,,,,,,,,,,,,,,,,,,,,,512,,,,,,,,,,,,,,,,,,,,,
367,PA_PRESSURE,Pressure,2,5,1,1,1,1,1,,,,,,,,,,,,,,,,,,,,,,,,,,,,,,,,,,,5,,,,,,,,,,,,,,,,,,,,,,,,,,,,,,,,,,,,,,,,,,1,,,16384,,8,5,248,5,250,2,,,,,,,,,,,,,,
368,PA_SACRIFICE,Sacrificial_Ritual,1,5,,,,,,,,,,,,,,,,,,,,,,,,,,,,,,,,,,,,,,,,1,,,,,,,,,,,,,,,,,,,,,,,,,,,,,,,,,,,,,,,,,,,,,16384,,8,1,248,5,255,3,,,,,,,,,,,,,,
369,PA_GOSPEL,Gospel,4,10,1,1,1,1,1,1,1,1,1,1,,,,,,,,,,,,,,,,,,,,,,,,,,,,,,,,,,,,,,,,,,,,,,,,,,,,,,,,,,,,,,,,,,,,,,,,,,,16384,,248,8,22,3,23,5,,,,,,,,,,,,,,
370,CH_PALMSTRIKE,Palm_Push_Strike,1,5,1,1,1,1,1,,,,,,,,,,,,,,,,,,,,,,,,,,,,,,,,,,,1,,,,,,,,,,,,,,,,,,,,,,,,,,,,,,,,,,,,,,,,,,,,,32768,,259,7,261,5,,,,,,,,,,,,,,,,
371,CH_TIGERFIST,Tiger_Knuckle_Fist,4,5,1,1,1,1,1,,,,,,,,,,,,,,,,,,,,,,,,,,,,,,,,,,,1,,,,,,,,,,,,,,,,,,,,,,,,,,,,,,,,,,,,,,,,,,,,,32768,,259,5,263,5,261,5,273,3,,,,,,,,,,,,
372,CH_CHAINCRUSH,Chain_Crush_Combo,1,10,1,1,1,1,1,1,1,1,1,1,,,,,,,,,,,,,,,,,,,,,,,,,,,,,,1,,,,,,,,,,,,,,,,,,,,,,,,,,,,,,,,,,,,,,,,,,,,,32768,,259,5,261,5,371,2,,,,,,,,,,,,,,
373,PF_HPCONVERSION,Health_Conversion,4,5,1,1,1,1,1,,,,,,,,,,,,,,,,,,,,,,,,,,,,,,,,,,,,,,,,,,,,,,,,,,,,,,,,,,,,,,,,,,,,,,,,,,,,,,,,65536,,9,1,276,1,,,,,,,,,,,,,,,,
374,PF_SOULCHANGE,Soul_Change,1,1,5,,,,,,,,,,,,,,,,,,,,,,,,,,,,,,,,,,,,300,,,9,,,,,,,,,,,,,,,,,,,,,,,,,,,,,,,,,,,,,,,,,,,,,65536,,276,3,277,2,,,,,,,,,,,,,,,,
375,PF_SOULBURN,Soul_Burn,0,5,1,1,1,1,1,,,,,,,,,,,,,,,,,,,,,,,,,,,,,,,,,,,9,,,,,,,,,,,,,,,,,,,,,,,,,,,,,,,,,,,,,,,,,,,,,65536,,275,5,276,3,289,3,,,,,,,,,,,,,,
376,ASC_KATAR,Advanced_Katar_Mastery,0,5,,,,,,,,,,,,,,,,,,,,,,,,,,,,,,,,,,,,,,,,,,12,14,16,18,20,,,,,,,,,,,,,,,,,,,,,,,,,,,,,,,,,,,,,,,4096,,48,5,134,7,,,,,,,,,,,,,,,,
377,ASC_HALLUCINATION,Hallucination_Walk,4,10,45,50,55,60,65,70,75,80,85,90,,,,,,,,,,,,,,,,,,,,,,,,,,,,,,,,10,12,14,16,18,20,22,24,26,28,,,,,,,,,,,,,,,,,,,,,,,,,,,,,,,,,,4096,,49,5,135,5,,,,,,,,,,,,,,,,
378,ASC_EDP,Deadly_Poison_Enchantment,16,5,60,70,80,90,100,,,,,,,,,,,,,,,,,,,,,,,,,,,,,,,,,,,,,200,250,300,350,400,,,,,,400,450,500,550,600,,,,,,,,,,,,,,,,,,,,,,,,,,,,,4096,,407,1,,,,,,,,,,,,,,,,,,
379,ASC_BREAKER,Breaker,1,10,20,20,20,20,20,30,30,30,30,30,,,,,,,,,,,,,,,,,,,,,,,,,,,,,,1,,,,,,,,,,,,,,,,,,,,,,,,,,,,,,,,,,,,,,,,,,,,,4096,,48,5,52,5,135,3,138,6,,,,,,,,,,,,
380,SN_SIGHT,True_Sight,4,10,20,20,25,25,30,30,35,35,40,40,,,,,,,,,,,,,,,,,,,,,,,,,,,,,,,,20,20,25,25,30,30,35,35,40,40,3,6,9,12,15,18,21,24,27,30,2,4,6,8,10,12,14,16,18,20,1,2,3,4,5,6,7,8,9,10,,,,2048,,45,10,43,10,44,10,127,1,,,,,,,,,,,,
381,SN_FALCONASSAULT,Falcon_Assault,1,5,30,34,38,42,46,,,,,,,,,,,,,,,,,,,,,,,,,,,,,,,,1000,,,15,,100,150,200,250,300,,,,,,,,,,,,,,,,,,,,,,,,,,,,,,,,,,,,2,,,2048,,44,5,127,1,129,5,128,3,,,,,,,,,,,,
382,SN_SHARPSHOOTING,Sharpshooting,1,5,18,21,24,27,30,,,,,,,,,,,,,,,,,,,,,,,,,,,,,,,,,,,14,,150,200,250,300,350,,,,,,,,,,,,,,,,,,,,,,,,,,,,,,,,,,,,,,,2048,,46,5,45,10,,,,,,,,,,,,,,,,
383,SN_WINDWALK,Wind_Walk,4,10,23,26,29,32,35,38,41,44,47,50,,,,,,,,,,,,,,,,,,,,,,,,,,,2000,,,,,120,140,160,180,200,220,240,260,280,300,2,4,6,8,10,12,14,16,18,20,1,1,2,2,3,3,4,4,5,5,,,,,,,,,,,,,,2048,,45,9,,,,,,,,,,,,,,,,,,
384,WS_MELTDOWN,Meltdown,4,10,1,1,1,1,1,1,1,1,1,1,,,,,,,,,,,,,,,,,,,,,,,,,,,,,,,,,,,,,,,,,,,,,,,,,,,,,,,,,,,,,,,,,,,,,,,,,,,1024,,109,3,105,1,107,5,113,3,,,,,,,,,,,,
385,WS_CREATECOIN,Create_Coins,4,3,1,1,1,,,,,,,,,,,,,,,,,,,,,,,,,,,,,,,,,,,,,,,,,,,,,,,,,,,,,,,,,,,,,,,,,,,,,,,,,,,,,,,,,,1024,,94,5,95,5,96,3,97,2,,,,,,,,,,,,
386,WS_CREATENUGGET,Create_Nuggets,4,3,1,1,1,,,,,,,,,,,,,,,,,,,,,,,,,,,,,,,,,,,,,,,,,,,,,,,,,,,,,,,,,,,,,,,,,,,,,,,,,,,,,,,,,,1024,,97,3,106,1,107,5,,,,,,,,,,,,,,
387,WS_CARTBOOST,Cart_Boost,4,1,20,,,,,,,,,,,,,,,,,,,,,,,,,,,,,,,,,,,,,,,,,30,,,,,,,,,,20,,,,,,,,,,,,,,,,,,,,,,,,,,,,,,,,,1024,,39,5,153,1,154,1,105,1,,,,,,,,,,,,
388,WS_SYSTEMCREATE,Create_System_tower,2,1,1,,,,,,,,,,,,,,,,,,,,,,,,,,,,,,,,,,,,,,,1,,,,,,,,,,,,,,,,,,,,,,,,,,,,,,,,,,,,,,,,,,,,,1024,,107,10,112,3,,,,,,,,,,,,,,,,
389,ST_CHASEWALK,Chase_Walk,4,5,1,1,1,1,1,,,,,,,,,,,,,,,,,,,,,,,,,,,,,,,,,,,,,,,,,,,,,,,,,,,,,,,,,,,,,,,,,,,,,,,,,,,,,,,,131072,,51,5,213,3,,,,,,,,,,,,,,,,
390,ST_REJECTSWORD,Reject_Sword,4,5,1,1,1,1,1,,,,,,,,,,,,,,,,,,,,,,,,,,,,,,,,,,,,,,,,,,,,,,,,,,,,,,,,,,,,,,,,,,,,,,,,,,,,,,,,131072,,215,1,,,,,,,,,,,,,,,,,,
391,ST_STEALBACKPACK,Steal_Backpack,0,1,,,,,,,,,,,,,,,,,,,,,,,,,,,,,,,,,,,,,,,,,,,,,,,,,,,,,,,,,,,,,,,,,,,,,,,,,,,,,,,,,,,,,131072,,,,,,,,,,,,,,,,,,,,,
392,CR_ALCHEMY,Alchemy,4,5,1,1,1,1,1,,,,,,,,,,,,,,,,,,,,,,,,,,,,,,,,,,,,,,,,,,,,,,,,,,,,,,,,,,,,,,,,,,,,,,,,,,,,,,,,262144,,228,5,,,,,,,,,,,,,,,,,,
393,CR_SYNTHESISPOTION,Potion_Synthesis,4,5,1,1,1,1,1,,,,,,,,,,,,,,,,,,,,,,,,,,,,,,,,,,,,,,,,,,,,,,,,,,,,,,,,,,,,,,,,,,,,,,,,,,,,,,,,262144,,226,6,392,2,,,,,,,,,,,,,,,,
394,CG_ARROWVULCAN,Vulcan_Arrow,1,10,1,1,1,1,1,1,1,1,1,1,,,,,,,,,,,,,,,,,,,,,,,,,,,,,,15,,,,,,,,,,,,,,,,,,,,,,,,,,,,,,,,,,,,,,,,,,,,,1572864,,46,5,315,7,,,,,,,46,5,323,7,,,,,,
395,CG_MOONLIT,Moonlight_Petals,4,5,1,1,1,1,1,,,,,,,,,,,,,,,,,,,,,,,,,,,,,,,,,,,,,,,,,,,,,,,,,,,,,,,,,,,,,,,,,,,,,,,,,,,,,,,,1572864,,45,5,315,7,,,,,,,,,323,7,,,,,,
396,CG_MARIONETTE,Marionette_Control,1,1,1,,,,,,,,,,,,,,,,,,,,,,,,,,,,,,,,,,,,,,,9,,,,,,,,,,,,,,,,,,,,,,,,,,,,,,,,,,,,,,,,,,,,,1572864,,45,10,315,5,,,,,,,45,10,323,5,,,,,,
397,LK_SPIRALPIERCE,Spiral_Pierce,1,5,13,15,17,19,20,,,,,,,,,,,,,,,,,,,,,,,,,,,,,,,,300,,,1,,150,200,250,300,250,,,,,,3,3,3,3,3,,,,,,,,,,,,,,,,,,,,,,,,,,2,,,128,,55,10,56,5,63,1,58,5,,,,,,,,,,,,
398,LK_HEADCRUSH,Head_Crusher,1,5,23,23,23,23,23,,,,,,,,,,,,,,,,,,,,,,,,,,,,,,,,,,,1,,120,140,160,180,200,,,,,,,,,,,,,,,,,,,,,,,,,,,,,,,,,,,,,,,128,,55,9,63,1,,,,,,,,,,,,,,,,
399,LK_JOINTBEAT,Joint_Beat,1,10,22,24,26,28,30,32,34,36,38,40,,,,,,,,,,,,,,,,,,,,,,,,,,,,,,1,,60,70,80,90,100,110,120,130,140,150,12,12,14,14,16,16,18,18,20,20,,,,,,,,,,,,,,,,,,,,,,,,128,,55,9,63,1,64,3,398,3,,,,,,,,,,,,
400,HW_NAPALMVULCAN,Napalm_Vulcan,1,5,30,35,40,45,50,,,,,,,,,,,,,,,,,,,,,,,,,,,,,,,,,,,9,,1,2,3,4,5,,,,,,5,10,15,20,25,,,,,,,,,,,,,,,,,,,,,,,,,,,,,512,,11,5,,,,,,,,,,,,,,,,,,
401,CH_SOULCOLLECT,Collect_Soul,4,1,20,,,,,,,,,,,,,,,,,,,,,,,,,,,,,,,,,,,,,,,,,5,,,,,,,,,,,,,,,,,,,,,,,,,,,,,,,,,,,,,,,,,,,32768,,,,,,,,,,,,,,,,,,,,,
402,PF_MINDBREAKER,Mind_Breaker,1,5,12,15,18,21,24,,,,,,,,,,,,,,,,,,,,,,,,,,,,,,,,,,,9,,,,,,,,,,,,,,,,,,,,,,,,,,,,,,,,,,,,,,,,,,,,,65536,,,,,,,,,,,,,,,,,,,,,
403,PF_MEMORIZE,Memorize,4,1,1,,,,,,,,,,,,,,,,,,,,,,,,,,,,,,,,,,,,,,,,,,,,,,,,,,,,,,,,,,,,,,,,,,,,,,,,,,,,,,,,,,,,65536,,,,,,,,,,,,,,,,,,,,,
404,PF_FOGWALL,Wall_of_Fog,2,1,25,,,,,,,,,,,,,,,,,,,,,,,,,,,,,,,,,,,,,,,,,,,,,,,,,,,,,,,,,,,,,,,,,,,,,,,,,,,,,,,,,,,,65536,,,,,,,,,,,,,,,,,,,,,
405,PF_SPIDERWEB,Spider_Web,1,1,50,,,,,,,,,,,,,,,,,,,,,,,,,,,,,,,,,,,,,,,5,,,,,,,,,,,,,,,,,,,,,,,,,,,,,,,,,,,,,,,,,,,,,65536,,,,,,,,,,,,,,,,,,,,,
406,ASC_METEORASSAULT,Meteor_Assault,1,10,10,12,14,16,18,20,22,24,26,28,,,,,,,,,,,,,,,,,,,,,,,,,,,,,,5,,80,120,160,200,240,280,320,360,400,440,10,15,20,25,30,35,40,45,50,55,,,,,,,,,,,,,,,,,,,,,,,,4096,,134,5,132,3,136,5,379,1,,,,,,,,,,,,
407,ASC_CDP,Create_Deadly_Poison,4,1,50,,,,,,,,,,,,,,,,,,,,,,,,,,,,,,,,,,,,,,,,,,,,,,,,,,,,,,,,,,,,,,,,,,,,,,,,,,,,,,,,,,,,4096,,52,10,53,1,138,5,,,,,,,,,,,,,,
408,WE_BABY,WE_BABY,0,,,,,,,,,,,,,,,,,,,,,,,,,,,,,,,,,,,,,,,,,,,,,,,,,,,,,,,,,,,,,,,,,,,,,,,,,,,,,,,,,,,,,,,,,,,,,,,,,,,,,,,,,,,
409,WE_PARENT,WE_PARENT,0,,,,,,,,,,,,,,,,,,,,,,,,,,,,,,,,,,,,,,,,,,,,,,,,,,,,,,,,,,,,,,,,,,,,,,,,,,,,,,,,,,,,,,,,,,,,,,,,,,,,,,,,,,,
410,WE_CALLBABY,WE_CALLBABY,0,,,,,,,,,,,,,,,,,,,,,,,,,,,,,,,,,,,,,,,,,,,,,,,,,,,,,,,,,,,,,,,,,,,,,,,,,,,,,,,,,,,,,,,,,,,,,,,,,,,,,,,,,,,
411,TK_RUN,TK_RUN,0,,,,,,,,,,,,,,,,,,,,,,,,,,,,,,,,,,,,,,,,,,,,,,,,,,,,,,,,,,,,,,,,,,,,,,,,,,,,,,,,,,,,,,,,,,,,,,,,,,,,,,,,,,,
412,TK_READYSTORM,TK_READYSTORM,0,,,,,,,,,,,,,,,,,,,,,,,,,,,,,,,,,,,,,,,,,,,,,,,,,,,,,,,,,,,,,,,,,,,,,,,,,,,,,,,,,,,,,,,,,,,,,,,,,,,,,,,,,,,
413,TK_STORMKICK,TK_STORMKICK,0,,,,,,,,,,,,,,,,,,,,,,,,,,,,,,,,,,,,,,,,,,,,,,,,,,,,,,,,,,,,,,,,,,,,,,,,,,,,,,,,,,,,,,,,,,,,,,,,,,,,,,,,,,,
414,TK_READYDOWN,TK_READYDOWN,0,,,,,,,,,,,,,,,,,,,,,,,,,,,,,,,,,,,,,,,,,,,,,,,,,,,,,,,,,,,,,,,,,,,,,,,,,,,,,,,,,,,,,,,,,,,,,,,,,,,,,,,,,,,
415,TK_DOWNKICK,TK_DOWNKICK,0,,,,,,,,,,,,,,,,,,,,,,,,,,,,,,,,,,,,,,,,,,,,,,,,,,,,,,,,,,,,,,,,,,,,,,,,,,,,,,,,,,,,,,,,,,,,,,,,,,,,,,,,,,,
416,TK_READYTURN,TK_READYTURN,0,,,,,,,,,,,,,,,,,,,,,,,,,,,,,,,,,,,,,,,,,,,,,,,,,,,,,,,,,,,,,,,,,,,,,,,,,,,,,,,,,,,,,,,,,,,,,,,,,,,,,,,,,,,
417,TK_TURNKICK,TK_TURNKICK,0,,,,,,,,,,,,,,,,,,,,,,,,,,,,,,,,,,,,,,,,,,,,,,,,,,,,,,,,,,,,,,,,,,,,,,,,,,,,,,,,,,,,,,,,,,,,,,,,,,,,,,,,,,,
418,TK_READYCOUNTER,TK_READYCOUNTER,0,,,,,,,,,,,,,,,,,,,,,,,,,,,,,,,,,,,,,,,,,,,,,,,,,,,,,,,,,,,,,,,,,,,,,,,,,,,,,,,,,,,,,,,,,,,,,,,,,,,,,,,,,,,
419,TK_COUNTER,TK_COUNTER,0,,,,,,,,,,,,,,,,,,,,,,,,,,,,,,,,,,,,,,,,,,,,,,,,,,,,,,,,,,,,,,,,,,,,,,,,,,,,,,,,,,,,,,,,,,,,,,,,,,,,,,,,,,,
420,TK_DODGE,TK_DODGE,0,,,,,,,,,,,,,,,,,,,,,,,,,,,,,,,,,,,,,,,,,,,,,,,,,,,,,,,,,,,,,,,,,,,,,,,,,,,,,,,,,,,,,,,,,,,,,,,,,,,,,,,,,,,
421,TK_JUMPKICK,TK_JUMPKICK,0,,,,,,,,,,,,,,,,,,,,,,,,,,,,,,,,,,,,,,,,,,,,,,,,,,,,,,,,,,,,,,,,,,,,,,,,,,,,,,,,,,,,,,,,,,,,,,,,,,,,,,,,,,,
422,TK_HPTIME,TK_HPTIME,0,,,,,,,,,,,,,,,,,,,,,,,,,,,,,,,,,,,,,,,,,,,,,,,,,,,,,,,,,,,,,,,,,,,,,,,,,,,,,,,,,,,,,,,,,,,,,,,,,,,,,,,,,,,
423,TK_SPTIME,TK_SPTIME,0,,,,,,,,,,,,,,,,,,,,,,,,,,,,,,,,,,,,,,,,,,,,,,,,,,,,,,,,,,,,,,,,,,,,,,,,,,,,,,,,,,,,,,,,,,,,,,,,,,,,,,,,,,,
424,TK_POWER,TK_POWER,0,,,,,,,,,,,,,,,,,,,,,,,,,,,,,,,,,,,,,,,,,,,,,,,,,,,,,,,,,,,,,,,,,,,,,,,,,,,,,,,,,,,,,,,,,,,,,,,,,,,,,,,,,,,
425,TK_SEVENWIND,TK_SEVENWIND,0,,,,,,,,,,,,,,,,,,,,,,,,,,,,,,,,,,,,,,,,,,,,,,,,,,,,,,,,,,,,,,,,,,,,,,,,,,,,,,,,,,,,,,,,,,,,,,,,,,,,,,,,,,,
426,TK_HIGHJUMP,TK_HIGHJUMP,0,,,,,,,,,,,,,,,,,,,,,,,,,,,,,,,,,,,,,,,,,,,,,,,,,,,,,,,,,,,,,,,,,,,,,,,,,,,,,,,,,,,,,,,,,,,,,,,,,,,,,,,,,,,
427,SG_FEEL,SG_FEEL,0,,,,,,,,,,,,,,,,,,,,,,,,,,,,,,,,,,,,,,,,,,,,,,,,,,,,,,,,,,,,,,,,,,,,,,,,,,,,,,,,,,,,,,,,,,,,,,,,,,,,,,,,,,,
428,SG_SUN_WARM,SG_SUN_WARM,0,,,,,,,,,,,,,,,,,,,,,,,,,,,,,,,,,,,,,,,,,,,,,,,,,,,,,,,,,,,,,,,,,,,,,,,,,,,,,,,,,,,,,,,,,,,,,,,,,,,,,,,,,,,
429,SG_MOON_WARM,SG_MOON_WARM,0,,,,,,,,,,,,,,,,,,,,,,,,,,,,,,,,,,,,,,,,,,,,,,,,,,,,,,,,,,,,,,,,,,,,,,,,,,,,,,,,,,,,,,,,,,,,,,,,,,,,,,,,,,,
430,SG_STAR_WARM,SG_STAR_WARM,0,,,,,,,,,,,,,,,,,,,,,,,,,,,,,,,,,,,,,,,,,,,,,,,,,,,,,,,,,,,,,,,,,,,,,,,,,,,,,,,,,,,,,,,,,,,,,,,,,,,,,,,,,,,
431,SG_SUN_COMFORT,SG_SUN_COMFORT,0,,,,,,,,,,,,,,,,,,,,,,,,,,,,,,,,,,,,,,,,,,,,,,,,,,,,,,,,,,,,,,,,,,,,,,,,,,,,,,,,,,,,,,,,,,,,,,,,,,,,,,,,,,,
432,SG_MOON_COMFORT,SG_MOON_COMFORT,0,,,,,,,,,,,,,,,,,,,,,,,,,,,,,,,,,,,,,,,,,,,,,,,,,,,,,,,,,,,,,,,,,,,,,,,,,,,,,,,,,,,,,,,,,,,,,,,,,,,,,,,,,,,
433,SG_STAR_COMFORT,SG_STAR_COMFORT,0,,,,,,,,,,,,,,,,,,,,,,,,,,,,,,,,,,,,,,,,,,,,,,,,,,,,,,,,,,,,,,,,,,,,,,,,,,,,,,,,,,,,,,,,,,,,,,,,,,,,,,,,,,,
434,SG_HATE,SG_HATE,0,,,,,,,,,,,,,,,,,,,,,,,,,,,,,,,,,,,,,,,,,,,,,,,,,,,,,,,,,,,,,,,,,,,,,,,,,,,,,,,,,,,,,,,,,,,,,,,,,,,,,,,,,,,
435,SG_SUN_ANGER,SG_SUN_ANGER,0,,,,,,,,,,,,,,,,,,,,,,,,,,,,,,,,,,,,,,,,,,,,,,,,,,,,,,,,,,,,,,,,,,,,,,,,,,,,,,,,,,,,,,,,,,,,,,,,,,,,,,,,,,,
436,SG_MOON_ANGER,SG_MOON_ANGER,0,,,,,,,,,,,,,,,,,,,,,,,,,,,,,,,,,,,,,,,,,,,,,,,,,,,,,,,,,,,,,,,,,,,,,,,,,,,,,,,,,,,,,,,,,,,,,,,,,,,,,,,,,,,
437,SG_STAR_ANGER,SG_STAR_ANGER,0,,,,,,,,,,,,,,,,,,,,,,,,,,,,,,,,,,,,,,,,,,,,,,,,,,,,,,,,,,,,,,,,,,,,,,,,,,,,,,,,,,,,,,,,,,,,,,,,,,,,,,,,,,,
438,SG_SUN_BLESS,SG_SUN_BLESS,0,,,,,,,,,,,,,,,,,,,,,,,,,,,,,,,,,,,,,,,,,,,,,,,,,,,,,,,,,,,,,,,,,,,,,,,,,,,,,,,,,,,,,,,,,,,,,,,,,,,,,,,,,,,
439,SG_MOON_BLESS,SG_MOON_BLESS,0,,,,,,,,,,,,,,,,,,,,,,,,,,,,,,,,,,,,,,,,,,,,,,,,,,,,,,,,,,,,,,,,,,,,,,,,,,,,,,,,,,,,,,,,,,,,,,,,,,,,,,,,,,,
440,SG_STAR_BLESS,SG_STAR_BLESS,0,,,,,,,,,,,,,,,,,,,,,,,,,,,,,,,,,,,,,,,,,,,,,,,,,,,,,,,,,,,,,,,,,,,,,,,,,,,,,,,,,,,,,,,,,,,,,,,,,,,,,,,,,,,
441,SG_DEVIL,SG_DEVIL,0,,,,,,,,,,,,,,,,,,,,,,,,,,,,,,,,,,,,,,,,,,,,,,,,,,,,,,,,,,,,,,,,,,,,,,,,,,,,,,,,,,,,,,,,,,,,,,,,,,,,,,,,,,,
442,SG_FRIEND,SG_FRIEND,0,,,,,,,,,,,,,,,,,,,,,,,,,,,,,,,,,,,,,,,,,,,,,,,,,,,,,,,,,,,,,,,,,,,,,,,,,,,,,,,,,,,,,,,,,,,,,,,,,,,,,,,,,,,
443,SG_KNOWLEDGE,SG_KNOWLEDGE,0,,,,,,,,,,,,,,,,,,,,,,,,,,,,,,,,,,,,,,,,,,,,,,,,,,,,,,,,,,,,,,,,,,,,,,,,,,,,,,,,,,,,,,,,,,,,,,,,,,,,,,,,,,,
444,SG_FUSION,SG_FUSION,0,,,,,,,,,,,,,,,,,,,,,,,,,,,,,,,,,,,,,,,,,,,,,,,,,,,,,,,,,,,,,,,,,,,,,,,,,,,,,,,,,,,,,,,,,,,,,,,,,,,,,,,,,,,
445,SL_ALCHEMIST,SL_ALCHEMIST,0,,,,,,,,,,,,,,,,,,,,,,,,,,,,,,,,,,,,,,,,,,,,,,,,,,,,,,,,,,,,,,,,,,,,,,,,,,,,,,,,,,,,,,,,,,,,,,,,,,,,,,,,,,,
446,AM_BERSERKPITCHER,AM_BERSERKPITCHER,0,,,,,,,,,,,,,,,,,,,,,,,,,,,,,,,,,,,,,,,,,,,,,,,,,,,,,,,,,,,,,,,,,,,,,,,,,,,,,,,,,,,,,,,,,,,,,,,,,,,,,,,,,,,
447,SL_MONK,SL_MONK,0,,,,,,,,,,,,,,,,,,,,,,,,,,,,,,,,,,,,,,,,,,,,,,,,,,,,,,,,,,,,,,,,,,,,,,,,,,,,,,,,,,,,,,,,,,,,,,,,,,,,,,,,,,,
448,SL_STAR,SL_STAR,0,,,,,,,,,,,,,,,,,,,,,,,,,,,,,,,,,,,,,,,,,,,,,,,,,,,,,,,,,,,,,,,,,,,,,,,,,,,,,,,,,,,,,,,,,,,,,,,,,,,,,,,,,,,
449,SL_SAGE,SL_SAGE,0,,,,,,,,,,,,,,,,,,,,,,,,,,,,,,,,,,,,,,,,,,,,,,,,,,,,,,,,,,,,,,,,,,,,,,,,,,,,,,,,,,,,,,,,,,,,,,,,,,,,,,,,,,,
450,SL_CRUSADER,SL_CRUSADER,0,,,,,,,,,,,,,,,,,,,,,,,,,,,,,,,,,,,,,,,,,,,,,,,,,,,,,,,,,,,,,,,,,,,,,,,,,,,,,,,,,,,,,,,,,,,,,,,,,,,,,,,,,,,
451,SL_SUPERNOVICE,SL_SUPERNOVICE,0,,,,,,,,,,,,,,,,,,,,,,,,,,,,,,,,,,,,,,,,,,,,,,,,,,,,,,,,,,,,,,,,,,,,,,,,,,,,,,,,,,,,,,,,,,,,,,,,,,,,,,,,,,,
452,SL_KNIGHT,SL_KNIGHT,0,,,,,,,,,,,,,,,,,,,,,,,,,,,,,,,,,,,,,,,,,,,,,,,,,,,,,,,,,,,,,,,,,,,,,,,,,,,,,,,,,,,,,,,,,,,,,,,,,,,,,,,,,,,
453,SL_WIZARD,SL_WIZARD,0,,,,,,,,,,,,,,,,,,,,,,,,,,,,,,,,,,,,,,,,,,,,,,,,,,,,,,,,,,,,,,,,,,,,,,,,,,,,,,,,,,,,,,,,,,,,,,,,,,,,,,,,,,,
454,SL_PRIEST,SL_PRIEST,0,,,,,,,,,,,,,,,,,,,,,,,,,,,,,,,,,,,,,,,,,,,,,,,,,,,,,,,,,,,,,,,,,,,,,,,,,,,,,,,,,,,,,,,,,,,,,,,,,,,,,,,,,,,
455,SL_BARDDANCER,SL_BARDDANCER,0,,,,,,,,,,,,,,,,,,,,,,,,,,,,,,,,,,,,,,,,,,,,,,,,,,,,,,,,,,,,,,,,,,,,,,,,,,,,,,,,,,,,,,,,,,,,,,,,,,,,,,,,,,,
456,SL_ROGUE,SL_ROGUE,0,,,,,,,,,,,,,,,,,,,,,,,,,,,,,,,,,,,,,,,,,,,,,,,,,,,,,,,,,,,,,,,,,,,,,,,,,,,,,,,,,,,,,,,,,,,,,,,,,,,,,,,,,,,
457,SL_ASSASIN,SL_ASSASIN,0,,,,,,,,,,,,,,,,,,,,,,,,,,,,,,,,,,,,,,,,,,,,,,,,,,,,,,,,,,,,,,,,,,,,,,,,,,,,,,,,,,,,,,,,,,,,,,,,,,,,,,,,,,,
458,SL_BLACKSMITH,SL_BLACKSMITH,0,,,,,,,,,,,,,,,,,,,,,,,,,,,,,,,,,,,,,,,,,,,,,,,,,,,,,,,,,,,,,,,,,,,,,,,,,,,,,,,,,,,,,,,,,,,,,,,,,,,,,,,,,,,
459,BS_ADRENALINE2,BS_ADRENALINE2,0,,,,,,,,,,,,,,,,,,,,,,,,,,,,,,,,,,,,,,,,,,,,,,,,,,,,,,,,,,,,,,,,,,,,,,,,,,,,,,,,,,,,,,,,,,,,,,,,,,,,,,,,,,,
460,SL_HUNTER,SL_HUNTER,0,,,,,,,,,,,,,,,,,,,,,,,,,,,,,,,,,,,,,,,,,,,,,,,,,,,,,,,,,,,,,,,,,,,,,,,,,,,,,,,,,,,,,,,,,,,,,,,,,,,,,,,,,,,
461,SL_SOULLINKER,SL_SOULLINKER,0,,,,,,,,,,,,,,,,,,,,,,,,,,,,,,,,,,,,,,,,,,,,,,,,,,,,,,,,,,,,,,,,,,,,,,,,,,,,,,,,,,,,,,,,,,,,,,,,,,,,,,,,,,,
462,SL_KAIZEL,SL_KAIZEL,0,,,,,,,,,,,,,,,,,,,,,,,,,,,,,,,,,,,,,,,,,,,,,,,,,,,,,,,,,,,,,,,,,,,,,,,,,,,,,,,,,,,,,,,,,,,,,,,,,,,,,,,,,,,
463,SL_KAAHI,SL_KAAHI,0,,,,,,,,,,,,,,,,,,,,,,,,,,,,,,,,,,,,,,,,,,,,,,,,,,,,,,,,,,,,,,,,,,,,,,,,,,,,,,,,,,,,,,,,,,,,,,,,,,,,,,,,,,,
464,SL_KAUPE,SL_KAUPE,0,,,,,,,,,,,,,,,,,,,,,,,,,,,,,,,,,,,,,,,,,,,,,,,,,,,,,,,,,,,,,,,,,,,,,,,,,,,,,,,,,,,,,,,,,,,,,,,,,,,,,,,,,,,
465,SL_KAITE,SL_KAITE,0,,,,,,,,,,,,,,,,,,,,,,,,,,,,,,,,,,,,,,,,,,,,,,,,,,,,,,,,,,,,,,,,,,,,,,,,,,,,,,,,,,,,,,,,,,,,,,,,,,,,,,,,,,,
466,SL_KAINA,SL_KAINA,0,,,,,,,,,,,,,,,,,,,,,,,,,,,,,,,,,,,,,,,,,,,,,,,,,,,,,,,,,,,,,,,,,,,,,,,,,,,,,,,,,,,,,,,,,,,,,,,,,,,,,,,,,,,
467,SL_STIN,SL_STIN,0,,,,,,,,,,,,,,,,,,,,,,,,,,,,,,,,,,,,,,,,,,,,,,,,,,,,,,,,,,,,,,,,,,,,,,,,,,,,,,,,,,,,,,,,,,,,,,,,,,,,,,,,,,,
468,SL_STUN,SL_STUN,0,,,,,,,,,,,,,,,,,,,,,,,,,,,,,,,,,,,,,,,,,,,,,,,,,,,,,,,,,,,,,,,,,,,,,,,,,,,,,,,,,,,,,,,,,,,,,,,,,,,,,,,,,,,
469,SL_SMA,SL_SMA,0,,,,,,,,,,,,,,,,,,,,,,,,,,,,,,,,,,,,,,,,,,,,,,,,,,,,,,,,,,,,,,,,,,,,,,,,,,,,,,,,,,,,,,,,,,,,,,,,,,,,,,,,,,,
470,SL_SWOO,SL_SWOO,0,,,,,,,,,,,,,,,,,,,,,,,,,,,,,,,,,,,,,,,,,,,,,,,,,,,,,,,,,,,,,,,,,,,,,,,,,,,,,,,,,,,,,,,,,,,,,,,,,,,,,,,,,,,
471,SL_SKE,SL_SKE,0,,,,,,,,,,,,,,,,,,,,,,,,,,,,,,,,,,,,,,,,,,,,,,,,,,,,,,,,,,,,,,,,,,,,,,,,,,,,,,,,,,,,,,,,,,,,,,,,,,,,,,,,,,,
472,SL_SKA,SL_SKA,0,,,,,,,,,,,,,,,,,,,,,,,,,,,,,,,,,,,,,,,,,,,,,,,,,,,,,,,,,,,,,,,,,,,,,,,,,,,,,,,,,,,,,,,,,,,,,,,,,,,,,,,,,,,
473,NPC_RANDOMMOVE,NPC_RANDOMMOVE,0,,,,,,,,,,,,,,,,,,,,,,,,,,,,,,,,,,,,,,,,,,,,,,,,,,,,,,,,,,,,,,,,,,,,,,,,,,,,,,,,,,,,,,,,,,,,,,,,,,,,,,,,,,,
474,NPC_CHANGEUNDEAD,NPC_CHANGEUNDEAD,0,,,,,,,,,,,,,,,,,,,,,,,,,,,,,,,,,,,,,,,,,,,,,,,,,,,,,,,,,,,,,,,,,,,,,,,,,,,,,,,,,,,,,,,,,,,,,,,,,,,,,,,,,,,
475,ST_PRESERVE,ST_PRESERVE,0,,,,,,,,,,,,,,,,,,,,,,,,,,,,,,,,,,,,,,,,,,,,,,,,,,,,,,,,,,,,,,,,,,,,,,,,,,,,,,,,,,,,,,,,,,,,,,,,,,,,,,,,,,,
476,ST_FULLSTRIP,ST_FULLSTRIP,0,,,,,,,,,,,,,,,,,,,,,,,,,,,,,,,,,,,,,,,,,,,,,,,,,,,,,,,,,,,,,,,,,,,,,,,,,,,,,,,,,,,,,,,,,,,,,,,,,,,,,,,,,,,
478,WS_WEAPONREFINE,WS_WEAPONREFINE,0,,,,,,,,,,,,,,,,,,,,,,,,,,,,,,,,,,,,,,,,,,,,,,,,,,,,,,,,,,,,,,,,,,,,,,,,,,,,,,,,,,,,,,,,,,,,,,,,,,,,,,,,,,,
479,CR_SLIMPITCHER,CR_SLIMPITCHER,0,,,,,,,,,,,,,,,,,,,,,,,,,,,,,,,,,,,,,,,,,,,,,,,,,,,,,,,,,,,,,,,,,,,,,,,,,,,,,,,,,,,,,,,,,,,,,,,,,,,,,,,,,,,
479,CR_FULLPROTECTION,CR_FULLPROTECTION,0,,,,,,,,,,,,,,,,,,,,,,,,,,,,,,,,,,,,,,,,,,,,,,,,,,,,,,,,,,,,,,,,,,,,,,,,,,,,,,,,,,,,,,,,,,,,,,,,,,,,,,,,,,,
480,PA_SHIELDCHAIN,PA_SHIELDCHAIN,0,,,,,,,,,,,,,,,,,,,,,,,,,,,,,,,,,,,,,,,,,,,,,,,,,,,,,,,,,,,,,,,,,,,,,,,,,,,,,,,,,,,,,,,,,,,,,,,,,,,,,,,,,,,
481,HP_MANARECHARGE,HP_MANARECHARGE,0,,,,,,,,,,,,,,,,,,,,,,,,,,,,,,,,,,,,,,,,,,,,,,,,,,,,,,,,,,,,,,,,,,,,,,,,,,,,,,,,,,,,,,,,,,,,,,,,,,,,,,,,,,,
482,PF_DOUBLECASTING,PF_DOUBLECASTING,0,,,,,,,,,,,,,,,,,,,,,,,,,,,,,,,,,,,,,,,,,,,,,,,,,,,,,,,,,,,,,,,,,,,,,,,,,,,,,,,,,,,,,,,,,,,,,,,,,,,,,,,,,,,
483,HW_GANBANTEIN,HW_GANBANTEIN,0,,,,,,,,,,,,,,,,,,,,,,,,,,,,,,,,,,,,,,,,,,,,,,,,,,,,,,,,,,,,,,,,,,,,,,,,,,,,,,,,,,,,,,,,,,,,,,,,,,,,,,,,,,,
484,HW_GRAVITATION,HW_GRAVITATION,0,,,,,,,,,,,,,,,,,,,,,,,,,,,,,,,,,,,,,,,,,,,,,,,,,,,,,,,,,,,,,,,,,,,,,,,,,,,,,,,,,,,,,,,,,,,,,,,,,,,,,,,,,,,
485,WS_CARTTERMINATION,WS_CARTTERMINATION,0,,,,,,,,,,,,,,,,,,,,,,,,,,,,,,,,,,,,,,,,,,,,,,,,,,,,,,,,,,,,,,,,,,,,,,,,,,,,,,,,,,,,,,,,,,,,,,,,,,,,,,,,,,,
486,WS_OVERTHRUSTMAX,WS_OVERTHRUSTMAX,0,,,,,,,,,,,,,,,,,,,,,,,,,,,,,,,,,,,,,,,,,,,,,,,,,,,,,,,,,,,,,,,,,,,,,,,,,,,,,,,,,,,,,,,,,,,,,,,,,,,,,,,,,,,
487,CG_LONGINGFREEDOM,CG_LONGINGFREEDOM,0,,,,,,,,,,,,,,,,,,,,,,,,,,,,,,,,,,,,,,,,,,,,,,,,,,,,,,,,,,,,,,,,,,,,,,,,,,,,,,,,,,,,,,,,,,,,,,,,,,,,,,,,,,,
488,CG_HERMODE,CG_HERMODE,0,,,,,,,,,,,,,,,,,,,,,,,,,,,,,,,,,,,,,,,,,,,,,,,,,,,,,,,,,,,,,,,,,,,,,,,,,,,,,,,,,,,,,,,,,,,,,,,,,,,,,,,,,,,
489,CG_TAROTCARD,CG_TAROTCARD,0,,,,,,,,,,,,,,,,,,,,,,,,,,,,,,,,,,,,,,,,,,,,,,,,,,,,,,,,,,,,,,,,,,,,,,,,,,,,,,,,,,,,,,,,,,,,,,,,,,,,,,,,,,,
490,CR_ACIDDEMONSTRATION,CR_ACIDDEMONSTRATION,0,,,,,,,,,,,,,,,,,,,,,,,,,,,,,,,,,,,,,,,,,,,,,,,,,,,,,,,,,,,,,,,,,,,,,,,,,,,,,,,,,,,,,,,,,,,,,,,,,,,,,,,,,,,
491,CR_CULTIVATION,CR_CULTIVATION,0,,,,,,,,,,,,,,,,,,,,,,,,,,,,,,,,,,,,,,,,,,,,,,,,,,,,,,,,,,,,,,,,,,,,,,,,,,,,,,,,,,,,,,,,,,,,,,,,,,,,,,,,,,,
